-74055
-4414
73822
93833
-59486
71860
-53986
32534
-51119
-11500
-94503
-71666
6280
71258
-6009
-62528
48786
-81389
-33994
-34201
65715
62695
-6888
12124
96112
-58892
-13202
-10780
76612
-69346
72130
48645
42385
69539
-97561
1361
-92888
-53275
-69400
-44278
70140
5472
-91538
65719
-13314
-84282
84688
-80414
-62632
76248
62819
-76947
-84255
-56709
-25619
-35308
-56185
-76043
-42094
-10710
-10203
-23730
69542
-70367
-18499
-37079
21798
-37112
-54265
-51241
60131
45194
-59721
-53852
-77351
-5766
97671
87805
89054
-84516
90578
39785
79717
53971
-29485
-73187
12639
-31038
-91298
72414
-66974
75122
-54694
15630
43351
88450
-45244
72238
16504
-71077
-67475
-40945
19622
-68015
92062
-28183
50239
-24902
-47227
-33811
41755
-78460
-74710
-10637
-3732
-73532
-73912
-72429
-16528
75899
63869
-32896
20305
4757
95098
2524
-31271
9277
60469
86722
-69145
57218
-25322
-63699
64272
-98674
18733
64769
5257
75132
17984
47007
7501
-85172
39023
-39292
13397
70596
99157
-710
19190
24953
2147
75694
44617
-67978
19218
-65629
65014
44359
-59506
-84107
-29157
-90946
-44191
20381
-40665
-59917
-28891
83530
62626
71146
-50218
-41187
-98636
-9521
45509
98367
-60288
45722
65186
96147
-64287
32416
-26662
-51715
23130
46011
-91762
-5854
91606
-46379
-54066
18520
-68509
-32554
2252
68510
40198
-7426
-14321
-53153
30905
-16835
-17014
-54093
64261
31886
-73912
47515
-39245
57851
88177
35249
92894
-70121
-77725
-26219
-32195
-5521
33481
33593
81729
-21830
-4113
-97767
-86993
-77397
-41886
25706
78311
99482
17624
37393
-39860
-54772
-83747
-96425
-33524
59643
-33972
82450
-68785
-46435
-76096
85163
-47660
-97013
22504
91832
33583
-62690
-94420
-56822
-19842
12069
-40533
-78121
-2486
5869
-34097
54603
-744
93653
-35625
23844
-86666
-86648
44076
-40562
57409
-28231
50008
68947
-42588
-27089
24355
29312
-63219
-92472
-11674
60105
-18882
97800
-98741
-95461
-69773
30069
15488
-7236
84746
34391
84250
7332
97338
67681
4731
52015
-50252
-50935
-68405
63672
26451
40087
-18087
36092
57709
-2953
-99899
75525
50821
86774
-27875
99257
22982
-38411
90523
72328
61693
67008
93147
16986
-63
82674
-39008
-51533
-75489
-50655
-89220
39438
14634
57165
88114
8245
-49972
31464
85360
-91027
-55579
-80894
-34337
96963
62576
5256
62587
-68155
-86747
-57802
-49267
-15557
20333
-43435
-33847
-93139
-26043
-53319
-77211
14626
-362
38684
9729
58383
11337
-22500
-31381
91938
39875
99074
-76688
-2026
-59333
5829
39522
20232
53383
75419
86869
-67816
-32407
-16387
-59760
84048
75680
98046
-46835
83837
-46858
57661
44549
-44970
37384
56832
43234
23105
-47638
-92476
-78697
24676
20020
33730
53760
-19846
-66670
70433
38775
-80243
-63842
45255
71565
13362
-74839
9050
-67731
27467
3010
-47194
-18569
5110
73460
42336
-96160
23810
-21613
53180
-33133
-50173
52935
97091
7713
-33473
-52615
12722
82168
67793
-4103
-798
-75050
25284
21107
67527
71895
57730
51204
-93460
-77436
17738
-74383
-7072
22013
-83993
-45742
36765
-7721
29712
-14067
-15489
75487
60146
-82014
-47292
74589
-92752
-89604
-25467
23936
-45039
65132
59754
41934
53884
22238
88810
-55274
-91341
6957
-43388
-12485
8868
-35048
24431
84949
86775
-15593
30016
32739
-30781
31612
59879
-41023
-82951
-7338
47562
83513
66788
96848
-23465
80836
-62263
-18791
-55047
79508
16370
-78000
33393
52137
-75553
-75196
-13652
98505
85094
33768
48348
-85854
-47298
54030
-51433
-30195
-25922
-52765
25763
68986
-30962
8757
70987
74666
77923
-55840
50883
28402
70503
26179
-88314
90598
-89801
81371
-68596
-11200
84503
-15988
75366
32382
-72205
4909
-6779
91362
51625
37219
-4001
-2607
-77295
-73509
-311
54880
-33611
-22433
41469
43147
-8336
-10444
47964
-75957
39435
46401
95850
-91285
8451
16105
-35133
54419
-40945
72021
-33876
-34830
-20506
7712
-97287
-8610
29001
-56258
-30225
62564
-88024
92153
7145
-80253
80992
-79988
56153
-11550
30151
-91153
-40609
-39872
-42340
-20903
-96374
-4655
85185
-51223
-65949
-39006
38786
92301
91984
14597
-53800
-90048
-64689
89204
50946
44606
44264
56238
88402
30518
-26209
-89557
11182
-46651
-96163
27878
-12272
-48192
72141
-63543
68546
-98727
-57310
82254
-58571
-32599
92978
52226
82973
91631
16460
32297
-96212
93105
-84654
10516
93729
-65204
-94917
83853
79778
37768
25600
-38703
-42746
-49968
63118
-52504
-99174
22301
-28393
-75667
-93083
-35455
47372
-54294
-21099
-65606
-86006
-10786
-76396
70214
11200
-26519
78227
5305
-23023
16039
69301
16511
50787
47503
26837
-19238
-63162
-36584
-28829
50495
-14041
-97870
-4104
-21595
-45798
31456
-83645
-2053
-65240
97212
78218
63890
-79259
-61014
-77762
-36188
-39529
-2674
-91908
-28506
-77632
12505
76797
79962
-44207
-45821
98213
-20044
-29817
-15313
-19474
-34554
85477
-56975
-12676
80338
-37735
97601
30557
56140
86341
78367
76321
6250
-49929
-26096
85142
82056
-21524
-28849
30315
54269
91077
-39058
43295
-20283
35178
24087
-89772
-41493
84307
79620
58969
48896
-68941
60220
-48479
-10651
56309
78355
58445
-62293
-29770
-57793
61290
-19549
94778
-3226
-86022
-16769
27597
-93162
-59307
-55822
-63500
-32312
-87846
-71037
50750
-1501
83962
72088
72070
82131
85475
-66697
-57737
7232
-89586
70683
-17102
-95206
-80305
-78472
37095
49617
-59858
38737
80095
-35994
-78492
-46777
-17387
-25579
-52218
11976
35737
-12492
-7512
1010
-11259
68540
68950
-52887
54623
35175
34763
-11051
33402
-44637
-78057
91786
-15210
54667
70044
71863
-73851
27939
-90961
-88571
78334
-35614
54203
-90717
65757
1178
-28800
72773
-29537
7962
31677
20914
20325
48987
54137
-45311
-6596
33250
76364
-55098
-57510
70366
3538
47707
22606
-99961
74592
-6258
-23885
68810
60981
97814
49284
23282
-18349
-63449
-64402
-6669
-69593
561
90565
-88304
-55183
80272
74504
9526
48044
-33976
-99581
16122
-67295
29625
-17030
31444
-79325
-52974
-13734
-26643
77281
-68990
53796
-86806
-67072
-93597
65807
50134
-2292
40800
-15517
-60508
29967
-56824
-27729
-72448
88940
-46751
-33818
-50750
82658
-57612
77477
-50051
-23523
-97126
-58210
-58974
67173
43496
92917
-10766
-4389
57120
88214
6201
-62184
96821
-13712
-13967
-30975
28386
-76965
66733
61698
15568
-45702
52623
24118
-44240
-90620
6053
31765
-56340
44892
49229
-90101
-74227
-88656
-79363
-38388
-46674
98591
68011
53207
36397
-40584
94039
11099
23255
-8531
-97639
-29200
78083
-33941
-71114
-94148
-98207
17416
-28744
63653
40639
48351
94571
66767
-47578
4996
55944
-22753
54976
24277
-74688
68145
-47390
-64715
-12043
32904
38713
59268
83469
-34302
36523
-95036
8090
-64867
808
11490
-56268
-28710
-2698
52557
-3632
-72954
31218
65764
-339
-71237
-58349
37512
45422
65507
36359
1697
-44265
57870
60162
66034
-78571
92578
61704
78054
83989
81916
-55435
-19266
11570
-89653
-93372
-18048
17502
50736
-53613
-77585
18492
-43749
48037
-55956
43908
2703
-7903
42399
89058
49113
59826
-89594
-11633
70118
99023
6766
-49408
-79354
35314
-81855
-6800
-86948
34875
74353
-79261
-73125
91710
-2386
9994
-16212
-24406
-71027
-34730
-24897
97929
-32526
-84654
79522
-16099
66482
81678
-42147
59778
-98002
-22217
33015
11651
53634
33863
-57545
35891
5479
-65655
80992
-11863
18429
56051
-11443
33335
-41175
32006
-35671
89461
73219
-69519
-79524
61585
-90150
-70434
-61182
-43114
45244
77139
47772
-81086
-58884
30096
98492
9782
-92163
19664
-3390
-8552
-33501
-47456
-33008
-48022
-40134
-85665
77544
-13987
70357
36173
68768
87751
-69245
-21961
-6173
-48881
-38553
-65601
-64709
-22719
8099
-88754
-80108
6754
-21866
65402
99498
87265
10855
-21304
50193
75228
74330
21261
-80410
51121
-97999
-82210
31166
-42409
-34930
33374
-37748
-68789
-65095
85757
-50396
25153
39204
53614
28992
32378
-42338
47296
-65522
83882
84562
91596
-70543
95804
25262
11963
68773
9208
-19379
37964
-42775
-81204
-71368
-7502
-4054
97790
-79063
-2187
66973
79647
-10027
18138
-23662
-89493
6791
66997
-61287
-17732
-62298
59727
-65582
31342
-33376
-87080
5288
2061
-45513
-67652
51476
37367
-97811
47937
-5992
-40284
-42211
33028
75490
50463
-65536
68997
43739
34132
-69808
80308
-38640
23098
79940
53012
-72161
38606
-78221
-67924
35436
60563
95490
16343
-57211
2800
55226
44806
-96718
-85031
3351
-58445
63606
88090
87637
-26740
75536
71836
-44832
88130
-74702
-52098
-19679
12222
-50967
-35498
93256
99988
64706
63755
46072
54367
-24441
-75112
32758
71858
-54050
-15799
-60779
-42013
-73718
61519
43751
96534
11070
81985
-47491
49348
-88760
46359
-7726
31193
-6491
98048
72886
-53306
41300
79650
-90452
71968
-22145
-18534
44996
28858
48478
91489
-76160
-29365
41005
-44964
-4200
3201
-3184
-13299
80538
-45133
-60014
-59319
5983
13046
-54786
5283
4352
68063
-60610
-43793
66480
-86788
68910
90221
63588
23447
17207
54718
71051
10090
-53817
-36832
67346
-15237
-93487
-62103
93451
-9536
-58440
-16278
85022
81153
28030
59074
-70961
-74244
-47133
-25082
95255
6949
37487
-66474
-2470
-55195
11021
11566
25680
-87840
40563
-26826
-71250
36454
-64327
-4039
-90288
-36235
5174
-64537
-14862
-5556
96131
25816
16064
88996
-36625
65913
93464
-78826
-44705
-28062
59824
-592
-59461
88294
31236
-45739
85046
-83340
-91012
-7278
41339
86315
89462
91949
73941
-95225
43749
-14746
-19704
-71877
58635
85725
69623
7408
5356
-44418
80940
-97482
-46772
-2477
25064
-98238
45509
1576
-74413
-88749
-96130
-82373
71908
-56540
-42429
14357
-28911
-80684
69899
75592
-37354
57678
-5623
5822
-90224
43483
-82383
-38538
85611
-55619
10407
66752
-44325
46757
3350
-22854
99515
88124
81331
56134
33351
39158
25397
14532
-44978
3913
36876
-93981
-57180
37774
11861
-51902
-57689
-30133
-50556
2056
-62361
-41432
43798
-98078
62361
45819
-98603
-55943
1200
-25173
22216
-11724
-13474
20220
-87548
26942
-70849
17043
7799
3603
2616
62352
28470
42475
-18912
52370
41858
-96582
-42899
-36301
-22757
-7278
-78671
15737
-47522
-27896
-64897
27247
-67475
95156
76519
8986
-14423
-31501
45026
36982
-44580
-26508
-26786
-20903
19375
-43296
39656
-55195
-83836
-73015
62453
85648
66280
46613
-48442
-54652
-32344
27363
-64184
73836
98052
28303
-87581
4339
72722
-96760
-41015
89792
89186
-11683
67444
-26239
-47807
75506
-84600
-46575
-41793
98766
89936
-70099
24897
41711
55360
-9273
43982
-59080
92713
-30596
-39032
74269
48991
64682
-54010
6167
53345
17663
-55870
10705
49205
75732
72010
-82726
-29879
92630
-50736
94649
-82853
17650
-71688
-79766
91001
53521
-89625
36359
54026
-95702
-62702
-93819
92999
-80723
-606
-36271
86317
-42923
-89254
-61019
45592
72915
-77935
-75116
11338
17765
12056
69827
-47139
54910
32358
25648
69235
73507
10913
85809
20127
66176
-90241
-52806
9487
-80975
-65555
13128
28297
92537
29593
47844
-96689
46778
29664
-81345
-60045
-5577
-4312
-15971
-74808
49482
-34098
-29314
14878
54641
84792
-6359
38750
-7403
21383
-2066
-886
-41945
-32190
-81181
-75103
-88650
32304
7659
-35578
9129
37350
-65387
88345
50221
64672
-2898
-28544
-2402
48167
-26441
44009
-88623
-86387
60051
-55859
59607
-64836
-36121
48011
-39677
-33889
-46365
97398
50988
-10962
90459
98859
14674
32013
-29822
-30867
4912
-11426
-92219
73655
12490
77462
-23402
18162
17639
94421
-72052
2856
-50317
-71439
-70460
39760
-14607
49133
-24037
32398
-16763
28229
-12135
-67491
30640
-27753
-15418
90367
-48123
36911
-77524
53070
6652
80002
43153
-16593
-41187
8859
-9409
-86273
-237
-58951
-18364
-33492
22450
-84898
18888
21741
95138
-67600
9172
85511
63360
81135
1416
-73159
-21188
70543
-5193
-24501
91792
-90972
34782
-45265
-59813
-14068
74152
35571
30339
-59859
78947
17792
50125
-46228
49856
-1547
17191
-97938
-43731
49779
54140
-36708
-13284
407
27417
60871
-95588
-85210
9119
-23415
23847
77934
-28397
-31302
91127
56889
-78851
95068
-17034
-20298
-7498
87568
75250
57415
-70985
-89531
-69496
91489
-71742
-2534
-13101
-22655
99712
47192
82924
70896
51388
32389
-22397
-54902
-92135
82311
57741
-6069
-55140
84353
-51545
-43294
8211
76675
73178
-66988
83764
82170
57530
-97609
-81017
22468
473
-46059
18556
-86382
-34187
-58149
-95571
79912
53792
31397
95919
-62580
43473
-85282
-25921
-90368
-9993
42941
55251
48131
-88851
-15928
-9941
26580
1034
79137
-98832
55225
11035
-52840
-12443
83912
-77005
-41810
-19759
-5930
-94792
-41183
-35364
31838
61856
-31631
-3324
-73036
-72242
97390
5864
39970
64098
52445
-26268
18669
47204
9443
81011
-3778
55109
57583
64772
97055
86050
98012
-17228
37491
49990
90542
-83397
-65159
-85338
-63718
73725
-59448
60661
-19560
82194
-67363
-23370
34575
-83643
-15350
11903
85104
47557
-61941
-39802
-70004
95741
1474
31596
-91600
86710
-30972
-29219
78277
-8966
-51594
10724
-89018
67994
-31918
95347
46906
-703
-73567
-48090
2452
34503
3973
-87715
-803
-30782
-30216
-77511
-33534
50409
-32011
29297
-51198
5189
-19405
-93258
-7290
-7
-55543
84395
58376
-65622
-38197
97065
27726
-7705
56349
973
-15613
-6171
56795
-83193
-56920
83979
68372
29759
78197
67838
-50174
-93442
56420
57914
68558
-71397
4611
30794
-25512
93873
88769
52686
96099
80987
-75324
-74802
-23877
12638
58692
31381
-41254
-2521
71135
-33103
4655
-6456
93374
-66298
-86054
62239
91232
71469
55704
52329
98195
77469
93208
-83995
83907
36262
-51775
-71344
-8257
-11883
57286
39693
-45335
-14666
4123
-6573
-28453
-1215
41678
72962
21473
-98518
38001
-73612
59084
73757
-49205
99685
3432
85122
8959
-47212
-11065
79055
86000
-82501
-72937
-47055
23048
48756
73985
32297
55733
-37327
62229
97526
-29223
-35635
-46242
11389
49141
59477
66324
92988
-11247
44087
-77701
-69071
-39805
87226
-38529
-62668
-96801
87987
87275
68154
-71098
-33252
-15904
93494
73054
-99232
-11849
45756
-12552
-70227
-95479
-28425
-36906
-61450
-1812
30563
29770
23476
852
-82255
-6320
-23609
-97843
-22832
66528
27363
-95892
-69403
21827
-45858
27520
27219
88518
77483
-829
55671
-72134
14536
44068
-61571
51270
87294
94724
49791
29702
65927
-5618
-79892
12288
-90963
-53409
-23329
771
-11997
97442
-70724
-96096
-25076
-62825
-96876
-30194
-14073
-61186
-27297
22871
-97156
-15832
-82244
-880
-14501
-82484
-17144
74398
-74557
-74418
28336
-6531
-18302
-14146
-10592
81298
-30295
67642
50165
-79782
-29669
38145
70190
-66355
91106
84141
-85508
-57579
90645
64562
45405
46553
887
-69284
40226
32495
-21384
19602
59982
-33026
31306
-89479
-60296
-3136
19666
84940
21343
86445
25690
74185
62915
60351
-28845
-86916
83796
-89053
67392
66660
-93317
-85561
35559
64449
-19480
30792
-85920
45472
-98853
-58724
-73202
43151
98789
-65174
-42981
-78836
-25840
19632
-92152
-40179
-84021
79456
-85265
-8536
-14772
61495
98068
-18109
-88760
-63441
85789
-58696
-56059
21974
46277
-32925
99041
12994
-91718
-22387
32937
72880
18029
-54059
82092
-59276
-20626
-23686
71048
51091
96686
16739
87158
-87386
63324
97144
-14187
63724
-96678
-94542
-2601
-90130
-73813
-81806
-45964
55742
93107
-19633
21474
16739
68989
3580
53601
32195
90678
14285
-10055
-25650
-28387
-98044
21440
13475
-80610
-24752
83673
55050
2029
-10053
99323
-58631
86780
18986
-62276
-47167
-79892
-90900
-73705
56846
66162
-28201
-61157
-35710
85313
80483
-5234
30420
34543
-38753
42013
-63323
-34022
40981
-49113
-21214
25481
-83405
62598
31127
45108
-30941
33095
25074
-88418
-26699
20344
-22623
16926
8954
-92327
2604
16805
-50685
6460
-52174
-22989
-44933
47392
24077
-90563
-11427
98869
78873
-97672
-55092
-40781
-65808
-94390
29683
-61036
-65979
43925
-94646
80092
22420
-88974
-74648
86418
47337
30432
-92277
-87317
-87962
-73851
48707
-11548
-31979
36441
53406
40394
-69312
-96609
17050
-5002
12214
-14641
-82864
35362
77617
-44077
68560
45380
-78877
31703
-50566
-98658
55544
68075
44811
-99120
1939
-79311
-94452
7500
-7954
-38626
-91139
-20920
-98178
98177
96416
-61135
81796
28707
72988
71823
93268
-12016
96029
-43648
17564
44408
-98033
-43892
73099
-67643
76196
-34886
67610
48085
-89331
71687
34303
-96411
21464
-8821
-94984
-38162
-80720
-57631
37835
72471
-86939
-67130
-89764
43582
-4181
-111
87899
61090
-70452
9965
-73055
-44460
-17800
-53336
1335
-49618
-42119
-26272
60684
89463
-81036
28197
59707
41971
30213
55383
-14193
-93887
87286
-83687
-71725
3788
28372
99562
44936
91921
43741
74825
-58612
-91728
48635
39745
-36817
-44394
6992
-64701
61997
-53305
56566
20055
47641
5455
-17182
-21118
-63126
82848
-22262
-69477
81346
20632
55241
67773
-60643
76658
31144
63425
66707
4526
27976
-23218
28984
-70152
-85736
-19638
-21799
73810
-84199
88919
5269
-31040
74846
2124
67774
-47852
37016
-96429
-97853
56216
-3915
35693
8371
-63699
-82389
21556
-62132
48967
-59419
31054
-94666
-60307
-795
83261
36472
61793
-31915
-53614
-75070
45913
-79825
5654
98122
-83870
2544
69583
-95662
63667
87920
-80565
80292
-90003
18695
33356
49745
58375
-45482
-8112
-13140
16810
-88809
22213
-39878
-91161
-76919
-49634
-76721
-47115
36851
-90917
27870
-72913
69397
98868
83407
-14542
39860
-83976
-39579
-26082
-84157
-58878
-54302
45709
43160
-79119
-8660
-3542
82274
-76327
-54684
70390
74545
-71158
-34798
68871
-28353
-34438
10447
90845
35480
-55536
33642
23202
33059
62087
-88341
32478
-96514
30636
9695
-11713
-50588
75056
-66774
92866
66756
35426
84723
-51266
-906
-96182
84324
3664
14443
94195
-70888
-81158
72749
-35929
-95794
5534
69097
-45572
-94169
-54899
84610
-27128
26971
-41503
74929
-14190
-36684
-57503
-66177
53061
32906
83303
-14576
58615
30173
87984
-10743
19687
-26393
-57369
98471
80510
-58387
86635
-65109
-50074
24400
-10554
-89170
62429
-4947
20149
89565
62776
67468
13502
-64208
-70894
-44885
-19916
-29725
-30528
92921
96015
-89813
-12616
-60132
-3958
23856
50
14710
26380
-2333
35008
-16177
-41092
-70263
87733
87408
-95731
-14469
78182
-39800
-20739
81209
80506
-6013
-28653
39459
-638
-53850
-52917
46912
77206
3553
52067
-8126
-20293
49162
-30346
-8688
-73593
26405
-99970
-72748
-36902
42200
68782
-63656
85145
-59895
85401
4977
-56193
-61511
-92294
-44919
79827
17725
91872
82287
15211
-55889
28291
-31318
-7270
-68815
62466
41512
99034
55831
17397
82216
-34324
14442
-53159
8484
71213
37435
-94173
53783
60703
-77193
-63602
34134
-45618
42843
-18763
-87875
45138
-79079
76203
-52305
34073
83314
-58588
-92269
-4057
-87516
-71381
-40561
-11275
-94810
-62524
84558
70994
-28072
91132
-38075
19299
70764
90070
-5525
-10801
58445
82209
34742
-52621
82384
56229
87000
-95962
92153
-8602
38661
-38627
-85668
-3999
-9557
-99856
75961
-60433
-83778
15609
37390
68323
6052
-85940
-17207
-88378
-11904
-88066
-32263
-95542
-74441
-42356
-62615
87382
611
79081
-11081
-88700
-6353
69382
50591
82880
-36608
-57247
50295
-70009
17266
-41354
-12942
51904
-80647
-93823
47830
-14618
-66679
2533
39489
33661
-2917
-40152
99835
-24225
-82268
-85488
-48177
95726
81057
-54155
63745
-49309
82697
-60745
27514
46700
46585
46105
53284
10894
5558
43142
34761
-13623
-78498
-27661
10397
47242
-13791
-24443
-19224
32013
-93231
-72034
-63346
-74515
55539
56375
31461
89144
-95663
-70422
32113
96401
-86701
58671
-59597
94334
-10543
-8894
-48333
37807
-14245
32365
-78843
64270
30942
-99052
-62988
-40977
73000
-90092
-97774
-63592
-72988
51978
-49432
-13535
9834
62623
64088
-15976
-18204
-90620
-3529
-96683
-28266
77780
61277
34490
45158
-2483
93192
-80499
-91592
3084
22080
-4415
-39617
15565
24753
-97526
-71397
-42463
30930
-37950
39852
75999
-75938
-23051
-77432
77842
61466
15841
-92903
68302
-41131
-38917
-3468
12659
39617
-47437
-8341
66490
21687
10505
-68063
74738
-57251
98955
-93336
95749
21119
-88799
-11105
-61869
55233
-93377
9993
88810
-40738
-86799
18308
-76320
50695
-13197
42617
81026
55946
55253
-92947
92517
-23773
52668
39986
-25385
-31547
-74518
75968
-96191
-68836
34972
-88665
21024
-98763
33473
-59266
-70700
-65717
83923
-68892
20127
-3613
27017
-19731
31683
-52045
-88589
84533
-57899
-49754
-75814
43555
61125
-57880
88354
13615
-43881
10069
-51832
-10305
-90141
45148
11207
43138
-76099
-36900
-46532
-25914
-17186
-32846
-9691
-57397
-44410
-95730
-65445
-66863
24083
-31662
-46491
-4245
12743
83646
47316
-83837
-20356
9832
928
30082
-66149
-6335
-24401
-29581
-56110
-42484
74426
79731
-8431
31335
83042
-15017
93974
-51235
-65482
20719
10092
-38755
-39121
-36606
30204
-34830
16575
-5653
50008
-12511
48008
-76469
52197
-67836
85084
-92960
-87498
-17715
7082
-23386
-28351
18561
15397
-45519
82138
-93623
44580
64619
-88245
-69568
14516
66853
78469
92590
91199
-11520
18955
-59233
46405
85776
57025
-30713
88546
-44006
11465
-18398
-54641
-3891
-18424
50906
66598
-37511
-89725
-97053
-28156
-67523
48748
64932
-1949
33864
63176
15964
-24631
-302
18190
-48876
32764
-61211
-15229
-44876
14186
-26499
-38382
-26567
-86125
94411
78902
99074
41211
-68129
92650
-76524
-13755
-4375
86020
-7723
20532
17843
72766
-64056
-77637
-517
72120
-57210
85807
-90548
-96007
48247
86678
81873
95979
-91124
-9060
91919
-76283
-64718
34800
-97144
25640
84386
-5101
-69046
-83912
38256
-99711
-78891
-57487
27585
56502
-75331
33180
-63139
-54132
-99551
-87554
62589
35528
-15307
-15255
72495
59997
-7608
71728
75104
-58213
-26164
84674
43014
67758
43912
35757
69089
72861
-61218
-21359
10614
82572
11891
-68218
-97677
-17847
-40046
50553
-75596
-11777
19410
-88271
60731
51781
-89055
57605
86055
-19399
95238
-13005
83356
-2536
-66159
20640
40182
93357
-75223
-83764
-43718
-26452
-63461
-88934
74508
-89235
-12904
81820
-99544
-43528
44788
84646
-91332
45169
-53704
89012
-25946
99878
31820
-83789
2401
-8859
-83150
-79329
-10262
-97808
40451
52716
-94412
96796
67101
-63322
-92376
-60190
-9396
65334
-97452
-35403
-84272
28432
61762
19833
-31883
59629
-21241
88179
96210
-29977
-23382
42298
46223
-2150
-98239
63320
-42067
83402
99713
-79833
-26788
91403
-24214
-30643
45507
83956
80438
7001
64271
97023
11028
54432
-21049
79708
-52917
77458
-47564
49371
17224
-47205
274
-64598
-36038
-45910
-59662
31778
-29102
22019
58427
-14611
44825
-45041
10311
-99481
22954
90319
-67576
-9151
76451
-96779
10085
-49642
44990
-46114
54187
21044
-83314
7666
-68827
5770
-22973
63265
-45473
41005
11405
-71617
42934
-23301
27513
-98037
13565
11632
-14031
-67374
-16089
1044
-75685
-89219
63209
79579
-42297
7419
6604
81745
23065
-56473
61824
3749
-70157
55808
76914
66294
-39579
-95969
21021
55142
2255
9813
23486
-49160
-69497
-93443
-90865
93988
43039
46453
38975
-42124
23528
-99660
-77018
85880
45285
-55848
5212
7454
41993
-54596
26645
-87625
54790
77977
-5276
95904
-70811
-98047
55844
-97531
-90119
64209
-83060
-52008
20517
-2063
14715
-15778
-63097
46500
-37257
-37777
66241
57379
-1942
-96386
78245
56243
39649
33978
65396
97106
58579
-57453
47182
81610
55717
-45504
59364
-26220
55000
67379
-22242
-78961
94617
21124
-49152
84298
30255
30943
12948
73965
68443
90424
67833
67208
49864
-25446
-85781
-19389
42499
-25117
-43078
35104
52422
2313
89468
-45244
5624
74512
-15050
25698
19087
67779
-21448
-23904
68112
-70091
-90189
-34294
21607
-278
-51203
72845
64778
-6083
-29011
56404
23591
-55969
8279
71750
1944
-97097
12383
-50947
95089
-93534
-50112
791
-30037
-61584
50957
13477
45264
-22843
74637
-21836
35497
51835
-89959
-44411
51495
-57797
-34015
8220
-58729
43941
-98448
7661
-1133
-4381
42398
-65933
61705
38481
-15447
76032
43163
-23544
-32491
80170
-97853
-15491
-30883
-43577
15329
-86220
94468
38014
-17810
-20836
-81819
-74912
-46063
-87644
38367
-7324
7787
-69930
-96701
48058
-60819
90145
-928
-97356
10440
29234
-74186
-96003
47960
7424
46368
67425
-95890
65657
-82064
22476
44255
-31096
57619
-99411
-43446
47857
-45632
4193
36122
-41380
25790
97347
19324
-40801
84917
-11397
-54547
-60833
34650
21919
85143
26339
39284
-79433
-97032
8415
46740
-55354
-91436
32007
88975
57725
-74234
-57804
32718
21346
-48252
86778
67913
-62803
-42328
36738
66349
-81527
51736
37393
82984
-73205
-90882
-1933
-32205
-51088
-83746
62211
85218
-1608
36887
31675
66370
-51596
75083
-69788
85506
-22538
17653
66265
-14310
-3443
-50860
4137
90717
-27082
63107
71914
-12180
-23971
56472
-12815
37581
-5
-46003
-74828
21694
49833
-91082
-53134
-81593
34501
68388
42153
5425
90866
65311
26029
81163
-43645
-3224
94817
-51677
17367
6685
88128
25732
-43960
-74857
-30640
11078
-33252
11182
-3183
29920
91481
-27376
-78962
-90667
-92308
-57259
-54067
-38561
75888
62805
-96649
-98202
97118
-75069
13470
55002
-99659
20237
-64967
-47862
-88837
56057
4707
57898
14239
5274
41247
-43025
64647
-89196
93050
-32084
-28265
-8817
35562
-52736
3100
-64656
-7131
-59633
78739
74633
54128
-12312
36134
-94575
-67517
-97804
-73569
69300
88572
61929
46962
-20895
83113
-48719
-14876
53155
73097
-57570
87103
-5259
-1814
33407
-20088
14301
-68583
-36915
-27511
-77081
-9623
65604
33992
56038
-46752
58291
74515
-71201
-88013
40436
48996
86021
-94889
-95026
-23150
83559
-78260
65317
84874
35791
-79030
60689
19857
-99229
-48960
-90900
29590
82201
-93054
-67102
-9416
-73456
91616
-48276
89978
50006
27942
34853
86182
-20714
75016
73923
-38353
43550
24068
-97877
94950
28809
-37512
68201
-43869
97539
-91930
-34577
-1770
76301
-10995
97945
91257
-36132
-68554
-29766
-49165
19380
70056
-71417
-44988
42755
-42654
70488
-88022
-19033
-19984
-50409
53257
-8194
2905
16413
-89936
-59568
72926
4974
3173
-55563
10847
49826
-96426
-63088
-87719
-163
14139
-78797
56352
-20070
-75657
-68702
22307
43972
6777
-45051
77717
-99985
71318
85446
97780
23653
-68295
-98674
2614
71901
5427
15340
47265
-33050
90577
-84933
25261
-21301
-58123
55412
-73074
40939
63413
-87686
90438
74313
-99531
-89742
61571
18757
13243
-28802
87552
24263
51705
-17534
33253
-20959
28217
93147
7339
-73767
-19346
-54466
49513
-24738
-82036
12629
-85829
5382
49138
68524
78778
-31123
-20874
85378
-51163
22794
-71091
20242
21014
21171
-72805
90129
-16215
93789
25534
-83216
-52555
-21829
-85483
-66878
-37920
-23353
-35244
28390
30857
-72200
-57715
62872
74101
-33009
-95560
-52131
-18848
86700
-90237
29387
89599
18721
-96434
-97888
56367
31261
57555
-84191
74988
-3177
33850
-11289
-78540
-37287
-38513
98923
-73094
4707
-66443
-94070
-25386
-22164
-38205
21075
-79397
-39148
63526
-90955
92681
-97
41194
-59331
-577
60396
-47472
-19605
3016
79703
-81171
-94968
-8016
20409
-2514
-59555
63748
27142
85043
26270
63745
-42349
-16981
-70930
-26192
88910
-8682
-56772
84123
-79510
-64104
2072
-47289
-65361
-59520
-11092
-13851
-6040
-35947
92812
-59432
-75744
13782
-26956
-7841
60290
44097
-11918
80992
53774
-49142
98408
24719
92384
75293
-43492
-94797
-3473
-57635
-55947
59319
-13510
-17241
6845
-80441
33438
-8728
96488
24479
-29098
-98250
-36742
-19147
91692
50474
39323
-58409
-47420
-59668
-52336
-16395
215
-79988
18778
63094
-67805
78453
-79445
-4770
-58858
-88779
19604
20928
89703
96006
-75010
-61031
22983
30826
-18997
8282
10408
-29782
24298
83258
4204
8578
-26198
-30239
-47375
13036
-79085
-80550
-66094
-35417
-71912
-93060
32475
23575
-23346
46116
-21130
90730
-31803
15161
73200
42561
51850
75857
-28299
71428
98590
-67959
-76112
-24949
-25656
-12356
-16414
-24316
18086
-41126
-97277
8542
-50078
-72921
-76729
-70822
-25317
-54117
96797
33172
-99463
86215
-2745
-92038
77303
34043
-39586
-95797
34669
-48052
30926
-63976
-11184
66435
-87370
44826
13971
20297
-37501
46287
23921
27023
44745
57144
99004
10201
95345
-16174
-82492
46654
60480
-24276
-54841
-57543
16231
9636
-48275
42632
2864
82495
54995
3429
-78693
74908
-38776
-77298
41964
18599
14674
-44747
-70230
-51096
-29112
17448
31884
-26052
-26906
-62065
-24369
-53235
39790
-43773
80781
48356
-37650
-54003
-3801
-56039
-45887
29288
-80828
-97722
97803
-30988
-98442
44130
26608
41065
-49803
-45904
-62501
20627
41009
28320
31857
61161
57563
-16027
23657
1245
36649
74457
79328
80418
-65729
-64883
45285
-11082
-2944
25114
-91227
61866
-47009
14795
-36785
-94958
-67487
-1378
-49569
9338
51076
24175
89785
-6688
-30201
92936
-1478
-80218
77972
19549
27731
49155
59534
5130
-79104
29033
-55561
-63799
22481
-82660
59688
-87891
32440
-89058
-57891
-56715
-47818
-1062
-51938
60224
89839
45977
-31821
-2554
35172
-35619
35250
28386
-97927
79067
85323
86074
27460
-55183
46309
-36446
13277
-69112
76687
-87495
-62154
-2147
88835
84818
28888
61104
29797
51713
-78266
15722
-59212
44027
-50642
86050
-36205
4537
85601
-38177
67540
-1681
-43637
-10232
-41552
20243
41262
-98799
-65933
91839
-68550
87908
-46649
89549
58797
87170
-99408
-7484
45967
-93963
88821
61570
-90247
85521
-14985
-37984
-54867
-96328
32977
63147
69741
17631
-94002
93026
-31705
38174
39828
-74292
47472
-52686
-53735
-99041
-26039
23516
-22209
98069
46002
-51189
74192
-52250
-49944
52620
-34308
87033
-59485
59898
6224
24005
-1683
9940
-75435
65469
68103
-51971
49550
-60721
-58537
97557
69266
-30712
77186
-24719
15767
-86657
79586
83381
-53656
-66542
-19363
-15966
-38599
-82083
-43836
93828
40180
10920
-89379
-58815
89267
20862
-78539
-59458
6110
25955
52162
-12048
-22866
7092
-47838
-67238
70071
57110
96501
41356
45468
-53700
10576
-14632
-42246
77661
86117
-73127
-98329
-93230
77809
1679
-51864
-79527
-21207
91435
50397
83801
-77296
-9524
-68608
11605
-68862
29253
-64684
50723
20058
58051
-84552
96155
11716
21815
-96776
-17494
-86468
61546
7731
-10860
58272
-21875
28236
-10875
60293
14465
-7649
-35698
-1112
38127
-20462
12259
-21585
-71006
-913
30840
-63861
-47430
51764
-80563
-97389
2098
84272
-6429
-71957
-11460
-80218
-56105
20108
44899
-44186
41592
56614
73777
-34208
84908
-87297
-96889
12
-37478
26199
70785
-52481
61768
-37268
5807
63236
80493
9820
-33602
88925
64142
9915
-97855
-91984
-15124
50443
13296
-44123
-71703
-61235
82377
-70300
93056
55251
93595
70668
68483
-29889
2574
-13612
20867
-3114
-59391
87292
73999
54715
83296
-53538
86915
22583
17836
-88567
-53459
-94774
71154
-65992
-74810
-21356
68924
-62095
-26784
-58100
-35830
67445
16672
44176
-54838
40370
-72235
89467
67229
15072
-9249
87488
1108
-20391
-69913
28094
-16405
68778
-71937
83310
-28905
54484
-5587
63050
-45037
25749
82221
-34884
46632
93647
16754
-18350
-73582
-78984
27307
473
-73734
-16334
-26239
42154
-39704
43773
-63406
18950
-37128
54089
-49918
37823
50831
-10645
88112
27051
77298
2418
-34318
-67682
57596
-60382
91216
-14210
-8084
79449
-25582
-94518
-81923
-39557
-59715
-38257
37318
11607
-76317
91803
-16939
-82344
-15885
85129
59733
-78101
-43374
72978
63636
89049
23918
-18885
-39688
52940
72802
-13871
32270
-7453
21862
7216
-54072
-88999
20431
68821
58113
-83099
23862
-60508
-18072
45295
-8165
79617
1976
67714
16408
31982
45006
-71077
-71858
2537
22355
18940
-6642
-25097
70069
-80226
5159
-99322
25720
83141
-81078
-90741
62716
-6376
82231
67755
7324
60751
-38064
39994
-75221
-47844
-17071
38156
54687
-34235
74663
62987
17750
35152
-23944
-64985
21008
-9028
9766
75711
-81143
-95849
-66201
52238
30637
78083
99721
-2191
22292
-87341
-5768
72901
-42976
57282
34861
62548
63248
-50325
16275
-10778
-3067
-59141
-7857
-76080
-11705
66154
80424
40176
-96762
14798
97968
-55843
-73707
-40508
-83647
-42977
-91601
-63789
-82724
24390
-37229
-96098
-46524
2025
82558
88873
-34110
67951
-10685
52688
15863
25989
-91282
62284
-2735
-92869
16515
38377
-7550
12568
46776
-8315
42017
-26219
-90556
-95771
-63767
-19837
-22296
-21779
-53689
82996
78587
-34657
32365
30139
89084
48827
-27707
-4684
18763
93624
19946
-18079
-43436
-35328
-81667
-25117
11149
-26727
-75339
-35661
-7259
-72757
88812
65557
65706
-19716
-64621
-65953
-21275
72194
-26774
53990
-30003
98762
81603
46235
18215
30891
62434
17168
-65075
-21683
-86246
19109
36746
-3148
71524
-50952
-49116
80396
56069
-68671
-25030
-64201
79615
-35019
93875
-97255
10316
-16298
21607
86933
-62123
29539
-60855
29046
42641
34831
43876
-74656
-86318
-49512
-67152
75473
19445
34404
-70260
-65504
30214
-42372
26013
36700
-97334
-28711
-86616
-75481
-14266
39628
-89795
-89241
-47545
28062
-93155
-96289
31818
-84549
84677
74842
88900
69932
40232
-23739
-24540
-94301
70728
33010
45122
15435
76623
21195
-15742
20576
-2389
-75486
-55152
96930
58028
75511
-79204
-68737
-43172
35079
66101
-51769
-80163
48811
-82897
-26740
30894
-19101
-79017
-92725
66944
-16543
21865
71204
69469
76362
56718
78032
40155
13160
73240
76445
-27688
22393
90691
-25407
-96744
-67925
84369
71824
51801
94159
-52441
-40305
-22851
-31067
5027
-74419
-92025
-16805
-95496
4325
-84307
-52862
41385
89789
-99624
96856
-41068
-91905
-10275
22416
11292
-19861
-92080
-46665
3995
75171
39602
71500
-3872
-80756
-29021
-37960
-88594
41695
-48444
28717
28707
-77292
-48082
15624
-34722
-34992
-49140
19261
-14594
-89947
-60056
-46142
-88527
52963
4853
34847
53634
16104
-76550
-87736
-7631
72317
-82464
-70532
27617
54630
-94566
77498
32065
-66323
-73474
52137
-33968
-54818
-19624
-17439
93171
-40627
-37076
59793
-24799
-7175
-16738
-70893
11403
13148
-4078
-29798
45743
75603
-53052
-82697
20697
14300
-66343
-67604
-25215
-58409
73373
-19244
22780
86434
-51900
-46394
87915
-70472
-90650
27847
-74381
60290
83848
-11494
53950
-51508
85184
-68501
84810
13638
56016
-19531
37213
-57513
46656
-18747
31111
93158
41576
6106
-49338
54539
65073
57293
78214
-59680
-66006
20935
51680
44987
-59114
36722
-17329
-86877
-13442
55510
-46577
-50485
-2911
88158
41981
-62878
-3664
-56598
13148
-51690
89360
48483
-22092
-117
1340
-70692
43220
1296
79604
-67434
29112
88214
49298
-51169
-89263
-59824
2183
87405
-75305
-55273
15795
7594
62589
72372
33880
36779
62073
59252
-83185
35555
-28255
-48756
636
-90495
-54889
56978
-43987
15633
2910
-1958
64108
43009
-35715
-86716
-40591
44848
-61594
61580
-1568
-49978
-96768
35683
-31097
57212
-49170
3142
-23837
86249
-52491
-42242
36954
-47361
-29372
-34548
19407
-41510
-10186
10092
30034
93835
-39518
39495
66921
-76390
-92222
-26992
79315
49579
63838
64288
-39974
79383
-74905
81083
33367
49051
37763
28560
25794
11261
-4610
88688
-24689
-57439
-64803
-12695
10513
-18862
-63841
-56302
-5936
-31965
-97523
21321
-77648
13263
59161
46947
-45581
24188
-36797
82506
39213
90510
31765
-77994
-57169
-93069
-24298
59563
-95857
-97947
-22057
-69519
2721
19057
65169
29407
88670
56965
65620
-63277
-13354
-24697
47990
-19726
-71771
25616
2412
4974
-15574
-31967
-56628
-96776
-65551
1818
3368
86247
3753
-58878
-5134
-44407
-94995
25245
86494
-19490
28353
36625
-40934
99466
-39363
97001
9269
-62769
4083
-78403
-19162
54838
26522
3477
-76200
-61883
66703
-99544
5532
35545
35042
28728
-28276
-66872
-31830
17121
-53534
99743
-85540
-95077
62723
-65694
-14942
-73577
-53377
71171
90677
92841
78348
-94231
-86542
29956
54756
-29784
93818
15692
67459
80567
21189
64900
66059
281
-98838
-61464
62192
59664
-44725
56396
-93300
-24487
84970
-90262
78944
62974
-57033
-14289
17591
12591
51923
22307
25230
38555
85915
-74097
-5868
21874
64205
13100
82856
-23148
-32115
-94109
20682
-72660
14017
23412
-38832
-96143
-44719
-68435
-61649
-99443
-97126
8805
-37863
-39831
59184
-77525
37313
-73496
247
-31526
-33652
84513
-27008
-18188
-56985
85782
-68627
-16619
79907
94367
-63697
-94016
-73092
-53501
22375
25433
-8948
67810
-49837
-72794
62376
55733
-64215
-89324
-75175
45479
89802
76384
-66105
-7574
40061
-84360
-15113
78686
-66098
-55259
-20374
98459
-59115
-54541
-10393
40264
77784
89421
-43373
25207
67347
66339
-20609
6962
-69806
-28260
81596
71405
20340
-99328
91880
45434
-3
-76567
-68865
39327
85298
-79593
40247
12852
-85100
-32723
96186
-98724
-10546
-25821
82674
-81012
85006
-14245
78966
32023
53611
-47815
-63339
55259
81603
75107
73107
81612
3323
93448
-79557
-42381
-50063
96186
-60501
61730
70658
23280
-97653
71823
-70673
59791
-40279
20090
52867
48321
-27453
-13738
-42229
82944
-36634
-23763
67216
-81649
-93982
-59204
-89875
-45417
62849
61938
-47628
-68916
46025
-62059
-4334
-77913
-9320
64817
42902
-16692
-37011
73918
67035
-47928
-16076
65178
58041
85158
-9498
90815
41343
-99074
87083
2615
-69396
83528
-42132
9688
40654
-95686
-71261
-55399
7427
-77106
16908
97794
-87049
28112
-99244
66686
22316
58839
56463
-14080
-4328
-95875
30423
20131
-80659
-9119
-51741
-27028
-40141
-61528
39044
-48584
14532
55519
-98761
94629
-70950
-78490
-99858
16887
-7523
-63331
80686
29599
-79330
-95532
53401
-70436
-35828
-34802
32476
61848
66431
68777
36025
-33097
-3641
33484
19277
2959
-19469
63846
74762
92319
12605
-83728
-84665
-38216
45972
-26757
-16583
32932
53075
2302
-12685
-78577
-6979
82877
-94795
-46537
-61918
-38037
8886
94287
-88234
75971
-96584
35045
7679
-46457
-16057
11597
94755
69851
3385
-53111
47359
1588
-69707
48911
71591
45486
-31919
-5798
-53716
18692
-54360
77517
53690
-8191
4330
31157
19933
84134
31366
-56381
-65990
-52869
30754
-60152
-24408
3439
-74196
82652
82638
-92481
65452
-2965
79939
-56577
-36968
51046
-46769
-73838
-84095
-65935
-53301
43764
42037
-23994
15291
35202
-92189
81107
61126
-95484
-89593
91047
-45785
52766
758
24622
-90143
-18375
-36196
-47972
92986
-44997
-35919
55790
31468
-74169
72379
59775
-30436
30944
-27686
76575
-69316
66088
30640
-2390
-47011
51633
-17012
46833
13183
52913
-68962
37245
-35713
-8728
5005
2817
-90340
48703
18220
8350
98053
64409
13314
57996
48711
-59187
-65199
73059
2829
-14359
-67877
52353
95580
-61037
7546
53350
67189
-19046
-35008
-66883
68996
-76861
61636
-33214
-25160
-94047
-52472
-77846
19417
-51705
-85435
20042
48786
-35438
-57317
71260
-20937
31723
10561
7561
-28497
43968
99657
99573
-87408
-83783
92740
84198
11835
18438
55664
-75095
-2543
10804
-83514
30471
11278
-38625
88068
67430
-69838
11951
-86123
-8758
90027
-71163
-90518
-77287
-1378
-94241
22453
24312
-9280
-49030
41790
68863
-71343
11951
87524
77775
-81621
-65717
93326
33008
-89050
-88293
-60584
2287
-50637
-73777
52515
8077
-19569
-39543
-48743
53727
-41460
61107
19592
90518
-80902
-97844
-36693
-31653
17585
-6052
60674
69872
-29968
-80437
10408
19222
13299
37757
-83790
95034
-2271
-77182
33671
73021
56728
30023
68912
13506
-74666
23891
48669
92016
24862
29477
-12093
-71910
-9819
61841
-15503
-3683
-70527
-37393
-45567
-56918
76010
90861
92777
75912
-96506
20797
-45390
-39675
5879
47893
25342
13241
-49018
93577
-88001
18174
-97391
-77917
-61034
-36042
-63759
-62217
20808
-15972
48576
13248
-89239
55096
38751
-57464
-26517
-13073
45884
-81988
99471
90459
-91880
73663
93114
-97755
-50033
55582
36912
-2863
-36168
-26733
-56336
74625
-567
58586
-44309
27666
-8900
40921
-16174
67953
28211
41780
25168
54480
-84248
-31817
-3057
-22189
-27116
-30563
21010
33544
-5845
40073
-38272
82949
42727
-51656
41690
41886
-70962
-30399
-70792
-1214
-47600
-99486
82137
-38571
-81356
-44589
-29615
-2736
-50716
59748
-28671
-38423
-78525
-48920
64016
-41134
71430
-91230
13865
-33136
-49241
-75395
4564
12337
47360
78562
87577
-23218
-33479
28285
-5999
-29197
33431
93341
-16169
-79698
58597
62277
-8955
43743
18061
-30661
-23013
-15980
-76681
-4270
60444
62851
76376
43157
-74408
21759
-32026
10917
12868
50843
-56949
-79400
90041
72604
33652
-43616
52038
-20735
-52803
25028
71282
-48755
14930
-38457
-27487
10326
-37989
-34289
-68818
-92843
-2741
-29083
-68007
60825
-85599
31498
-77616
-5479
-11288
31718
-43924
97043
-80686
-72613
2816
60128
49025
-57989
96603
-10927
-66450
52630
65632
81373
6814
-7378
-6202
-77437
73583
26338
75384
-88409
-99602
-78094
37956
-66839
-87401
22660
-68644
-35073
97021
-90051
60590
-83321
-78439
-31154
25142
-10654
76869
-75053
-51011
21778
-49079
99490
-51988
2385
-58678
38731
96317
49885
-79193
21037
-62174
-2563
-59546
21065
24984
72084
-5245
28685
-38809
-45834
90866
-38150
-87802
-74303
-50210
78136
7739
88206
90241
-12646
92416
-58942
86196
-18137
-97238
-55044
-72907
79109
80304
11296
92894
-1822
2648
12852
-47261
40647
-26187
-65916
47745
-75595
13455
58547
72909
-95215
11660
27141
44163
3904
-14444
12053
87015
-87685
-74537
22412
-75674
-54058
88647
35041
-71453
-24984
9912
-55527
-83650
-22688
9723
36827
-77447
-52119
-43463
48575
-63875
90019
37545
-82637
-48044
-54146
46049
-88411
-206
-42683
74776
-9285
42989
-76847
94459
87015
60620
19303
-12780
55129
-49200
-97335
-81295
58211
75240
-83440
-47690
20405
-5733
-95813
-74194
19065
-95945
17013
-32670
-68615
-74035
-36607
83170
-31960
47279
8153
23583
14458
-93755
-75519
72478
97288
38983
85633
5521
83818
67460
70253
-47187
97752
-84814
24165
-56471
27779
85758
72167
35754
26797
10111
-87835
87937
76014
-85644
42148
-49906
5254
-81897
-84044
-35198
-33554
13063
31584
-16232
28533
-83517
-707
66500
26237
87557
-70713
97649
87015
44631
12121
87309
28972
63985
94151
9121
-50759
98557
68592
79754
82202
23991
-80562
-91540
85108
-73885
-56985
68789
-31750
41077
-70892
93333
41317
70598
13332
-61530
48217
80892
-48637
-1225
23593
-56169
-77832
-58495
37670
-84677
73041
77181
-53208
-17971
-72453
73610
-47775
-31682
-25874
93342
-58572
53026
-98488
-46598
-99762
-74379
50473
-85773
79336
69457
93561
-45113
-12970
-48634
-37163
55564
60480
-15945
33826
39547
-16235
35605
-75471
49193
-39321
-80227
45393
-97849
29631
-53687
-66505
-26844
-82426
80913
58378
-74935
-28744
-78264
-85531
70243
-26936
-46319
-6148
36365
-46431
-80500
-98301
50021
-28443
67817
81897
-57656
48880
-11997
79292
-55913
42086
-31348
99722
19606
82555
74269
92445
-63868
1843
-15717
-19714
-41229
48469
-97639
-1663
-4430
-22307
-84423
53501
-81846
-24601
-97250
-42782
-86631
-38788
94771
65346
-9516
46176
73795
-86595
1749
-31342
85826
-48176
-19588
3262
84427
89886
24353
87278
13041
36391
56583
-34567
82502
-84097
-42146
96297
-43457
70614
-85658
-41729
-32083
-17848
93262
-60329
-67027
84879
-41956
-4512
15350
18088
-80785
-30768
-30553
-17244
95339
-6212
37364
-95802
-88996
54806
47863
-97516
-44735
-82983
-36246
75732
50842
41981
2043
-10580
-8782
-73520
79162
-39672
16346
-37247
-95332
-10728
74399
-21744
-45884
-52051
-30403
4468
-98279
10840
-93145
-57843
-53484
65919
67445
-17855
-59029
24519
32155
-4598
-79978
-28081
47148
-29013
66933
93391
76234
25510
3379
-34595
92569
84280
21954
99514
138
98519
36110
-99450
30
-17535
-88860
-17461
53856
88100
-81389
-34769
-12576
-88457
-67025
69243
45418
25647
-32231
21010
23438
-32872
82646
-7749
-34589
-71849
-98835
40212
11954
72708
-83319
19486
-14350
-60851
56625
-26735
-4587
50317
61362
27552
64639
-54382
-64531
33109
-1473
4700
-97619
-8462
-92304
60012
-42283
-94167
-18710
2750
-65652
719
73330
-41013
-5280
-3536
55328
60904
-78160
-51881
43681
-39112
5831
-94527
27771
65860
40374
-45396
-82273
63286
-54959
35679
93308
95162
-66188
-85117
-9846
-82244
31319
-45397
-3969
11827
-40873
-18589
89693
-7261
-35807
-39363
-37785
40600
-79254
25622
-30258
66251
66043
64992
-63496
57701
59309
14794
38056
95594
-95913
43481
60921
87957
95725
-87265
65733
-68902
-45253
-92961
-4087
86401
-19578
-4560
33339
87959
-48527
-16798
58795
17991
-31603
4424
-9615
-56582
85424
-98203
39479
8621
-76777
-86015
-65679
-25243
32876
66201
41444
-41691
-89216
-15146
-80778
17405
-14326
-91554
24315
-428
860
-44412
31103
73852
76224
-31935
56133
40473
7227
-82434
-58849
-74621
96264
-33097
-92136
-56269
54014
-30204
-59884
62063
-68471
28943
65269
60297
16149
51784
45856
-45875
89973
-34527
61751
-91496
-9994
41807
-71447
-30406
48177
18055
68403
-78624
-37119
-39030
-85695
-54381
-48000
-83483
89367
26285
49698
77485
59933
76814
-50530
44854
71701
52404
6135
51334
56514
-43447
-76862
33810
-55672
21715
53490
40913
21838
-15084
24880
46496
-92753
91317
-5189
74618
-81922
8155
-71875
57633
-59535
-35461
-18321
72017
48580
22000
-37894
74537
75741
-47457
21639
-75001
-89552
-75056
-10858
59124
-2427
65669
30729
11520
-29103
-78746
17837
-39209
-21772
-40735
-28609
61774
-49454
-31119
-98476
-23964
-47176
-87650
77846
-98052
6387
61639
-8288
-88154
90735
35615
21406
-67605
52907
8600
92649
-59975
38406
35935
-70307
44136
-25099
-19387
43627
34660
47179
-3224
-60539
-96539
98054
98016
-20002
80758
-29834
-26924
87957
-29324
-7781
-44945
85784
14742
-79427
-55191
5406
77750
3680
-29173
-9222
26990
58275
-46056
25881
-12472
99787
20118
-366
-11259
-62247
-19608
-14664
-90824
58960
-99208
94434
958
63085
29367
-23777
-80708
-55586
-82542
-2302
40240
79924
-48914
40749
48548
-19919
-36440
-77716
39022
87762
42538
38776
5855
21250
-77127
-52974
-33369
-51749
-62179
-7718
54920
63197
51669
10791
-96331
-47696
85501
23273
-66579
-2316
3384
6143
-31709
-47753
85050
-82889
-7655
-95044
17385
-27542
-48201
89738
96777
68882
-78673
-11992
-90037
-44461
27740
88295
64899
98318
54786
-5505
-71921
73170
72686
60078
72708
35854
-35558
-13597
50535
92653
37005
-98779
88795
9723
-37228
44428
35244
-89237
-66783
13764
31091
-73206
-19197
-55624
25044
-69373
-52918
-97744
-92309
-48330
94459
-89789
35719
-28078
42760
-94977
28648
52234
-41764
9421
-11058
39907
-9353
90731
-2301
36718
64333
-96280
46035
-96141
-7227
65505
68934
85292
71419
-39736
20202
-66628
15861
70777
74619
89630
9102
35145
77956
-28945
90704
82563
38218
-90180
-67599
86373
-30209
-62478
-43595
-53683
3415
-28977
-9597
-90614
15493
42991
-86102
-27763
-39401
6430
69974
97798
-37577
-59181
-99787
82813
-29172
-8056
-4348
61906
20623
-14531
-87664
58312
43439
54770
-33729
-24641
-35821
-17399
-89776
72361
-16436
-17174
-15704
-78239
-2362
-28519
-18909
-93094
78887
-7351
40022
96516
72468
31321
86869
-78402
50700
-93060
88643
-70201
-80750
9998
36518
10737
43245
-57404
-70734
-21777
84060
82161
43023
-60420
45267
36395
64453
-91846
-1333
55617
-81126
51608
43001
-60422
-1356
14095
-4694
-64413
75981
-51265
-74156
-76522
-78953
31016
94616
55767
-59204
79385
-60889
34626
6156
-71360
-68228
-83560
-31606
79809
76917
-20147
2226
-89902
-37342
-34077
-22329
-4330
-47943
-951
-71412
94912
-89696
-18251
-7179
-25698
-10699
-87882
-72232
11198
84558
-41210
26356
-34323
-94361
-7279
28369
32950
5281
-33327
73167
-96105
52298
-81318
-39326
-26945
62191
-23489
48999
59515
91958
-56185
20476
24487
24755
3913
-87202
-25186
-95299
-83078
97873
20801
-64131
-57252
50870
-34815
17101
68449
50315
-1522
-78383
29547
78266
-1900
-16226
93432
-13475
47333
14485
-81835
29982
40716
-80300
22343
-63318
-44978
-14194
23634
18842
68455
-87426
-37556
-73861
-3010
62390
78992
56245
-99871
11311
-68166
-29075
-90233
25047
32326
-87100
-75733
41438
-13955
-63914
65258
89033
-90629
-52007
43282
-64110
84246
11927
27797
-64909
-72065
-98201
60622
68014
80355
51450
-15885
-35408
-29260
-14752
-94411
-39897
62319
70125
-4717
17883
24856
-47328
-28652
88231
61741
18383
-57805
29746
-1819
98427
-10417
86580
-12780
44400
-54309
92797
57846
72674
52037
-54142
-44116
-94749
46779
-72599
25911
85841
65313
72481
62220
-76902
72902
9042
-24997
69905
-94012
32648
19553
-47192
-64137
-74734
-8224
41686
-24244
40196
94182
40133
-42679
76914
56581
-38140
-55784
28022
26119
1502
-34256
47838
55874
-64856
-68234
-59956
9938
-40466
-41295
34044
-45063
12017
-76874
54406
43596
44012
-96230
69403
36707
78828
11085
-15829
87559
17569
-61533
83860
-15568
85635
24401
-6499
-71021
9013
-69054
23924
-55792
66417
51986
32400
76991
26814
35150
-79322
3865
-73497
45048
48373
70048
-85934
34850
76622
14325
-87521
-72243
18408
70520
89385
41474
-25021
85903
83493
29234
-4035
-58745
-91986
-61907
-56778
-71013
18350
58174
96106
43257
-31279
-56199
57296
-75367
-67351
-81993
47322
99642
-50894
67067
-13522
-14908
89209
-66373
-92159
22481
83176
25738
51614
12648
439
-41287
-84959
88125
59098
-49954
-57669
-4182
54666
40853
-24383
-13424
58646
62635
-89270
-30727
-74934
-10311
69592
49997
-434
23320
-20524
56175
88772
44299
-84428
88896
14033
-45491
11376
8205
-88744
-15225
-23543
-94720
13355
96718
40390
95602
-79139
66191
-85762
7790
48725
34179
-59293
88007
-20110
33711
94963
74256
33312
77629
80214
29223
54073
67182
-10011
9266
78012
-682
-46414
-88228
75210
-32597
-2975
80673
23984
51742
86842
26357
8990
18798
-45407
96432
-1588
-67577
-18510
-34733
-12698
-1045
-74329
64719
51215
-610
66200
-57436
-79629
-32855
20979
99631
-46931
-71996
66014
-86354
-56344
-70407
20586
-30272
42422
-28868
-84586
60801
46456
18335
-35529
79541
-93241
66977
90097
-31446
53356
35781
25014
-18396
-90352
-45115
95662
-44133
-2455
-863
55416
-1350
-81651
29099
-83886
-27701
-90695
-38902
86452
-66285
97966
20099
76818
61503
27922
32233
96424
85703
6228
89815
23680
-97961
23637
-81629
90808
-26159
-29898
-86284
4750
-36569
50227
35909
30028
43877
76366
-85713
-97707
43819
52183
23094
98242
13377
-14641
-79571
-64800
-85941
-34836
-67534
81635
18177
-60791
-50896
43108
89504
54005
87
-50538
89924
-4036
-29240
25685
46000
-58220
-28720
-42675
-99569
26593
-3614
41154
-89121
-34018
71203
-36006
79475
76994
90242
44200
-64325
29745
12931
39107
-42364
-81633
-26144
-90607
-19528
-31234
9333
-26207
-43096
-44633
42331
-7662
-1229
69616
99130
-99425
82289
-49144
51070
-68653
-68209
-64412
20767
-79024
-78778
-3098
-84102
63742
70884
74837
-34761
88792
-33967
-58863
12356
-73935
15904
-65520
-31492
13816
-96163
54724
26927
74378
36332
3527
8834
-69748
-71807
-31120
85412
-4111
-97596
-43301
97791
-9725
-54232
-84194
66048
-9053
60129
90802
-70643
47701
-16315
48822
-88359
2116
-60594
-76951
-28724
94239
-25947
-42158
-66824
-91837
-37315
74505
-99078
-71843
59794
87352
-77728
57251
52116
-83296
-72518
11471
65450
-31464
99219
-70523
-20091
-19886
79597
-64227
-77587
87978
-76024
-42250
12021
15591
15888
-53439
69634
40662
-300
11356
-54345
-84334
75064
-33279
-90496
-95510
-6673
-87303
-61962
31235
-84764
30636
-57493
-837
-39251
-42663
-57083
95153
-57836
-46774
-41759
65851
52724
57914
-9369
84989
-71596
13082
16593
88584
-98507
-12817
-55031
-82591
64816
-98708
-22701
-66725
-3916
-28675
-28087
14556
-80805
78597
-56999
11658
56569
34456
-45985
-96467
35406
19675
87985
-94546
-93894
3792
-98936
22853
-61229
-1487
-3127
-49213
-41584
56752
97442
-60128
57377
41463
5253
39836
68949
-46351
-31443
87811
86568
4586
-91188
-3224
4888
-73554
-40929
32395
29862
93985
52346
-87603
28874
-97051
89932
82271
-18380
90315
76628
57026
80328
-63797
-83560
-58589
41410
37628
-20619
25364
-84602
34499
67460
-32867
-87093
-79434
-69491
-86518
308
-2760
-98591
53822
-67577
-19312
6835
53318
-70756
-37784
-95058
-80507
-21700
-13412
27842
69247
87457
44115
54648
-10325
-84892
-32979
-75382
79485
-76317
58367
-76025
-68116
-75861
23567
-81705
-24089
23887
-93759
-31929
-48860
-30801
-3951
-64123
-57212
57956
57
19854
10000
26861
-54219
6215
-36762
59269
-31688
-10555
24585
-8216
-7484
-490
72317
-30186
17983
36715
-64571
33940
81477
-15829
16194
-59630
-87643
-69995
39003
-71972
59916
-74387
-37487
-4107
-60112
72467
-13075
43000
-63698
-5543
57670
84699
-31109
-87599
-70613
14449
-58085
76718
18865
-41107
-47594
-48882
58701
-81054
64592
-30512
14505
-56919
-86352
34106
-6930
43275
-77480
34474
73555
62094
-92530
-28676
80940
64788
44010
54477
-77052
18119
80776
-40609
-65306
-49699
-98249
87124
38429
38529
26649
80883
54037
67393
44316
84005
65766
411
-47798
78526
-15955
-31780
53062
-8639
-13041
-93264
73829
62356
79563
8155
-33775
74681
88069
-27261
-26408
-17614
-47203
-99973
27522
54084
-96728
32052
91667
36502
13283
2505
23144
15967
67242
13839
43847
-47522
8693
-51062
-13378
87452
-21448
-63837
28281
74477
74567
85073
-74415
37846
97137
39958
98664
-61301
1140
58493
57753
43137
-74101
-4516
-88435
73059
48528
-79233
-80424
-10897
-50968
33925
59851
-19315
42716
40364
-43893
94765
59069
50347
28231
45413
-1635
-3945
79603
45722
59644
-61307
-73445
-91806
-36018
49429
6701
-36603
-88292
67541
-32641
97732
-84839
81780
52328
52283
-40867
-7558
28369
-24675
68573
58616
-57793
10204
6252
-2113
51910
52260
25344
1192
24004
62721
46653
97076
88888
-85990
22431
61223
55815
79033
5255
9074
-97065
65872
-29226
-687
36213
-74224
3617
-41875
93940
75124
-89566
-73166
-35146
-24141
31053
15743
-35692
-46608
-36739
-32047
88622
-29434
-72408
44766
-36368
-14284
-39828
-12800
-1158
-66822
-36776
-71754
-16873
-36469
62404
-30817
79152
-12600
45526
-88350
67124
39124
97348
4958
27016
87973
-86749
1554
-15312
-55438
51921
29697
-50533
-79091
-60216
1936
98407
55704
56097
-18768
25550
-60502
-42848
-33086
65444
-91622
-12254
-90976
-18538
-78080
-34973
-11103
7495
71355
-2390
80295
-88907
35812
34234
-48045
-11952
17832
8997
-90111
-15978
-46926
69984
-97641
17413
86128
20957
-26781
68325
-1234
-27550
30398
-10825
11183
28496
72931
-78979
25013
1307
-68903
38998
23504
44796
-90598
-74763
-45120
41028
45495
99117
-61217
-28414
-78636
-81971
50827
-33713
-54653
-23255
-31880
-17643
12518
-51878
-55238
51237
-94933
-88026
13656
77130
-30289
39531
-16142
82459
-49353
25504
47345
-34684
38192
-7351
-10335
-77630
21519
62805
23680
-80742
7795
82407
81790
-16859
60654
50239
78125
-86
87701
-76966
22262
-8710
-75652
-94984
-24730
7509
86397
8636
38482
-25701
-58586
46758
-73536
-51344
-53944
-1469
13824
-76759
-93514
-13584
1396
-60253
-36800
-11534
48172
-28415
-22752
-89548
-78202
-3898
48169
-71068
-68880
-71572
-62511
-31441
-52227
-9067
71635
72722
-53361
-31866
61183
-85740
-51101
-13150
41487
97615
-48852
33782
-85405
27539
91033
-19038
14068
-31407
-98193
38476
96412
-36187
-39783
-12470
34408
54582
-67087
-23099
-895
96138
-78209
66632
-27751
48302
-76508
-32294
85800
19393
51665
62850
-71168
-33040
-18912
-85887
-32482
10729
56293
82557
-11534
20469
-41842
-14784
23316
58695
84398
-82490
-70563
93159
-34704
67361
85447
73916
-79503
5706
78244
98630
25165
-79414
-70877
66368
34529
-49117
64276
-52642
65125
76992
-71605
-72479
-428
50382
-93197
37874
92543
86874
-20507
-57598
2210
-2178
-86770
11005
78002
-71702
17023
87403
11376
30450
5639
-58713
35948
46715
-24128
-55974
93754
28313
-25470
-93684
80415
-56399
-25298
31629
4167
-62615
-20867
48581
72590
-68402
65630
-32253
-16039
-47979
88173
-43816
51769
53331
42038
34984
2882
-3128
23186
53534
60892
96143
53376
45569
-22536
55637
15485
2546
50471
90165
-40536
-9584
-94666
76708
-51627
-14303
5915
-83469
35813
-14093
54541
3577
91911
71568
-78071
17704
-42744
-89943
-68704
-92857
76102
-54742
-99566
92353
-1714
-49830
-84477
4443
17904
94217
-39304
-65257
37167
-12688
-89144
35838
-14202
25949
-14801
86421
-60286
-37600
-59329
47347
-81811
-36089
17816
-7292
4249
-29970
-82313
9731
-26845
29244
54327
42748
15551
98402
-71801
-7117
-72919
69503
44305
-21493
-1065
-19392
-27167
-91511
-28349
51321
35019
74875
96999
62193
-11738
41325
-83648
-43626
-2362
-79872
74136
-90007
88575
-50483
-41894
70975
96429
27494
-65255
57398
62003
48366
21258
21278
-51735
85508
-71049
2044
35791
-29619
-10337
-29375
-10195
-91716
-32729
-84398
26437
37713
66659
-44635
2731
71269
-53714
-18182
-55775
64890
67617
67886
-74066
25004
-63721
53298
80598
70529
-62118
-36192
94242
5517
-89416
-43846
-78818
37021
42699
-18189
-91928
76644
62674
-37938
67931
-99516
-56235
-30467
-83895
-64424
-45437
21450
54967
71906
67041
-68672
-47911
84739
-86051
-64199
53243
-79554
-86362
-55791
-51357
-87338
-37722
-52045
-15000
-48905
-30331
77190
-86895
29443
-61943
95158
-54580
93505
-39355
-93856
-22381
4790
16918
36627
-29044
-26293
90168
4022
-70019
48092
87469
-69477
5771
76546
-36350
-49390
96152
-43240
-28981
76350
75654
40963
88458
-11147
-53589
75235
-93660
-21050
-43225
-99548
-85035
27796
26290
88587
86870
-90275
-27446
40482
41511
74365
64548
-73949
-42084
60964
90398
-59243
39404
-19019
11710
-69871
-94085
50114
89815
2424
89123
-1437
-50549
-13481
-86339
-69418
74433
-66757
99411
9222
79537
-85345
13447
55474
45172
-66032
-54926
32338
4053
-92284
-86746
-44106
-69679
-17389
88582
53625
98660
-3150
-28175
56065
84363
-89131
-29183
-15399
41078
35711
75377
-27862
-33654
-66689
92829
11012
-79820
-14409
-27802
-17839
-72228
-12756
-71266
-56018
-24708
-51040
72653
65906
48663
70643
-31416
-96098
-93326
6143
8199
-94686
25088
35725
33119
28518
-36073
-20859
16056
-72155
64351
-71151
24843
-116
41623
-11341
56977
26747
-34860
-49912
83709
7787
-9209
-63873
61221
-92292
-32117
86158
-84206
-11915
94045
38434
56706
58462
-39924
84856
-3572
-73491
39593
-65965
36480
-8756
59175
49988
98708
63954
8113
-8039
-3678
34140
-69328
-13637
-78567
-2167
-39156
99650
-42374
-96204
-86156
-48697
-28862
-4409
83100
-65898
74769
10397
46731
-24963
86426
-44922
-671
-16489
48451
72710
-80795
-14832
93932
66162
-71368
20204
5613
22591
-52139
7014
-90752
-77237
-15940
-56805
38670
-4221
1640
66370
-97270
95075
60021
-40064
68168
57450
-58008
85122
-2488
3308
-35373
49092
-67459
67089
-24189
-86497
-18007
47519
-70212
-37570
16830
23558
15161
22604
-95932
-6173
18278
-28924
3810
-68999
53146
-69565
30640
25690
-74119
44796
31867
11774
-33492
-26171
-83123
-40930
-49773
59448
21023
1549
7343
-57375
-40776
92602
48717
-38629
28637
-5633
44327
-70409
-20418
-70802
-21849
91915
22522
-59677
125
-82773
95178
-73965
90723
-16021
-37785
90013
79178
-98282
-10439
29689
4561
-55769
593
86280
-89928
49000
7519
97766
29066
58636
78051
-51350
-94759
-18097
-23579
-38244
3705
-15156
-84440
-563
73333
-95096
-42732
86140
-92923
-52630
28024
30905
-6420
-52931
-77234
-87843
-23824
63492
90955
2965
78866
80679
-7336
17894
-14781
24807
44719
92912
-85493
-78949
87249
-522
-34297
-35828
70344
-78530
92712
10987
54257
-2632
-46811
-33720
-14790
-27360
47977
-31043
-53720
-37011
79573
81166
-79718
-21104
-47383
22641
60924
-79997
71755
69135
66278
-78866
-46930
-55962
-64903
98731
46787
91704
-83122
98799
-89385
20998
84181
-78157
18902
-413
-22562
46756
-96617
11913
-70010
87413
-67739
-95025
65026
-26007
96272
-92218
85484
-64387
-42436
18524
-7779
-6743
-46263
-62576
-37292
78968
5104
-9791
-73394
-34879
-22130
-4133
62509
-64697
-52937
-75185
-5437
-89688
82538
68260
-58001
34756
29416
-81008
-1189
78908
-95024
69986
-99196
20986
-81284
-57162
25314
-62025
-92614
-44553
7201
57753
-68055
-76904
9724
-78539
-41827
-21363
23147
-24745
-79446
-49307
-48954
96513
-55444
35919
74550
54424
-51470
-88341
-74779
8471
34492
24547
-85727
-21969
-90548
-489
-12491
-70215
-24399
55032
36560
-39344
83597
-32318
-5448
78997
58573
87846
-81561
89250
-35037
-57463
66068
-6385
-99228
93080
-5187
11623
-26943
31088
78430
91486
-55388
-99474
38367
-43062
-87572
46002
-2926
831
46374
89470
-73523
-35666
-13001
46236
45556
23514
-9896
-39095
45341
54433
13325
-9984
-99249
-68692
-68163
88597
53268
38705
58781
-28309
-840
-57039
-60968
-92516
-2065
-39605
-48277
-1878
35004
-11034
57610
-91454
80816
41942
-81172
-71211
81833
-24239
46263
-81695
55211
6419
-26332
-39175
-55246
56445
80406
-71643
66492
-75698
-1196
-69907
7395
37702
-10016
-82916
-41210
58693
7711
17571
88845
-28692
55037
-6859
19923
-97471
-60835
-74135
-81307
17028
18843
-37105
77029
-9413
39480
54513
-78782
88444
56674
-94311
62509
-61630
87675
34933
12072
-6853
56532
-84900
26671
52155
25803
-11811
-26716
-78998
20881
25559
46484
60097
-46504
64416
1352
48818
-40316
20968
90643
-68242
-57204
-19184
-57091
4937
12839
-72387
-97591
69716
3813
-42886
77643
-97475
-17912
11177
86173
83291
-80613
-87826
-88224
-70535
73060
-69622
35085
64332
81956
-19669
-88933
6213
-95557
-23429
53744
47002
-10014
-97857
-62012
-10366
49703
37133
42187
-39932
-66742
-12362
31652
-88996
-36947
-5411
45072
-35525
-53456
-21392
-46423
-41338
65486
-87642
85422
95864
-42279
21445
-55575
60387
-28285
-13802
6866
41252
65372
-52739
34881
78340
48552
-73625
-12024
-21199
88072
92553
-31937
30495
-67095
83565
-61266
49706
50184
-39443
-62217
-8072
51149
-65040
-31652
-73827
56737
52355
-39679
-35369
888
34696
-53464
51388
54502
29854
6205
-84724
75797
-20490
-30677
-76372
54809
33186
28008
-10799
-7379
73629
23310
83070
87988
60951
61589
-8279
19493
11245
46658
74504
88167
-79547
-52493
47994
-21607
-65408
16506
13890
-74715
-77657
71014
-2230
-93671
27365
28528
85804
50115
-41710
-15255
24648
-43829
19545
9105
69900
34437
20342
-14185
-67932
51388
-76589
14271
-69142
41411
42532
56318
-73833
25846
-11848
-72888
-85588
-52910
-93739
-16620
-18821
69833
93302
-1498
89894
-3045
40128
28202
73325
-16539
78211
-30734
-11781
76715
-97960
52699
-3274
-36191
-72760
73695
12086
-18531
-15571
-99197
-83471
26584
-1114
76443
74498
29650
-15296
-266
-27486
-68856
-79650
-26062
-34777
-32671
-74362
27711
-42160
-69641
-39555
-12258
21162
13890
-31165
33755
80918
19053
87823
88240
-51963
-62720
-8232
53211
-97672
30343
32578
-71501
-55035
-46597
-82595
-73808
-3241
-69779
78876
-69574
49879
-4010
-9615
60277
-5323
77587
-1026
4146
28604
23004
-2138
-8637
-7380
69417
85666
-40961
-38953
58253
88936
91404
-65435
28764
81143
-10081
64939
92250
-62175
-51237
79472
-62588
-11425
18917
-3275
47539
46411
-99096
-7740
-4881
18284
82555
-26141
15248
64220
61279
58333
-29127
12091
88367
-37020
-74779
-89684
26396
-19287
6208
-92096
70504
73631
-92364
51705
-90213
96188
-96637
-21067
-53956
33546
59278
28850
2709
45706
-16966
33891
-97405
80653
72723
-27821
-27916
-92873
-30970
-90484
-31414
-62470
-6840
-41722
-42395
-58305
11529
-18357
47365
-4872
98627
-68827
13733
-90142
85847
-26322
23777
-10343
2099
81030
53631
-8822
27005
-93377
20942
-94562
-62498
52204
77131
8444
-13033
-7040
-23119
-5608
85476
-33707
67818
51461
40458
-25133
57564
-50110
-99936
-8357
-68783
95769
-71975
-16426
-24490
-89507
8871
-73463
-76649
95210
89438
-30050
25224
-16813
98373
10903
79328
66143
-96366
-35517
30709
-76186
40893
67904
52222
-32045
-86607
9912
-26117
65341
60461
-16641
-53690
82073
24836
-95986
20646
-95485
6614
-35064
45623
-77437
-33961
-2774
95292
50399
-90921
80260
-75477
87099
-14932
49735
-67301
63403
88226
-21465
-16785
-8580
-14840
-66979
81042
22544
-61814
-30387
-11868
-56859
-28728
-9627
-92304
-29667
46305
-38499
12283
81379
-86520
-80046
82359
-59232
50542
56291
-59638
8382
46063
-8531
-12026
53329
-20143
19839
54519
-34981
23868
94243
-90981
92179
42038
-83323
-96322
59377
95193
55498
-44968
26010
93017
-50792
12407
-17719
-90536
44002
-26262
27973
67182
-86860
-86627
-66251
96565
-46347
-1538
88118
5863
95667
-17665
74950
23928
56709
2860
-83583
-99701
-98348
-63344
-85570
-85668
13391
66731
-7224
-18113
63154
-38944
-58440
64551
-8661
-7064
-68405
82536
-33683
57476
70056
-18895
-91096
-97417
27186
-1477
69411
-87964
-97717
54565
88822
16599
-81373
7623
-33816
-85762
7329
-44100
-2551
-28198
7359
35208
24947
73932
-33085
-93296
41180
-12943
4477
34409
-79715
-1412
23348
-1919
-47387
23357
94655
-56084
-44415
30076
62617
43636
-25789
14150
51871
-36095
71087
1595
13114
-24513
-1490
-81745
21304
-70985
3664
87534
-6841
97868
-36438
91494
96960
-27970
-65837
72447
-84424
-44417
73663
-45404
96253
-43583
-45178
-10120
-52951
43617
79184
-49021
90745
75874
17472
-922
-64088
83690
-14915
56401
29888
-46940
-92642
-94684
43532
-93083
56051
-44155
-85717
-94763
-98476
59507
-37954
24842
-42198
-86503
-33883
61577
-13915
2432
-1634
57792
-13731
99152
-22676
-13417
83799
31522
-10034
5064
-69685
9925
93745
646
-66960
29114
-59038
-74853
77004
60073
-12396
45431
-36887
59216
-47783
-20052
52268
55151
71773
84493
-62271
-40547
-68681
2485
5506
33326
5020
85613
-69530
83373
71042
72527
32684
85728
-41871
-24921
34009
5186
48006
-1384
-11600
-70796
-72051
54998
56254
-26254
-88682
-85897
-40202
89675
-36268
-87388
-81195
-26994
-75399
35645
-9737
-85360
-11
-99291
-39544
-2744
49760
37558
-43213
12738
83988
87969
-64406
82651
-58816
-65931
86820
-44384
-8273
60555
74989
-61254
-6802
13558
-29634
-56281
7482
42819
68088
38654
-70161
-19855
-46048
12865
52074
95848
83571
41283
-22229
61554
88379
-38400
-66322
66739
98640
-46759
-87115
79710
-86235
-908
-85589
-28260
-36018
-36892
27340
-49851
56966
-44997
-92371
53641
-15744
97597
-58612
14180
77430
-98676
-86535
2339
22890
44611
28063
-36998
24749
-28401
11345
-35191
4666
10192
43592
-94321
9541
-9608
-68117
14982
7780
59709
-19731
12183
85518
-36004
53198
58082
-93120
-71455
-76741
52233
74654
87286
78871
-34947
28974
-39119
-36126
-53481
-41529
54255
-60762
-66080
45966
-41353
-72270
35909
-11177
53685
19423
64917
-72794
-54689
24219
46020
-38205
-71112
-5234
-14973
-73242
8441
-82553
23266
43089
-25252
44655
69459
60596
-8397
73234
671
24074
67538
79490
96558
-4430
84522
49033
-15540
-63925
-29637
-28540
-37074
-67791
-3486
40074
-76425
-26046
24445
10952
-47928
-44886
17450
44993
-1454
-90628
-22352
97407
11004
27642
13431
77664
-39405
92972
71153
61459
29182
-65564
-18605
-10829
-81638
49642
57864
-48828
76724
33869
57448
-79290
84889
79391
89474
5421
-71812
18004
336
-77244
30392
67562
-65598
-6946
-53127
26389
-2715
5037
79022
30495
41368
52330
-35836
84419
85762
25290
77527
-67734
11542
69274
43032
40576
-69756
61492
-59088
44816
-35717
80801
13934
-89230
-73344
-18765
-66142
70492
-85386
-46211
48900
-38448
-28716
90017
26656
-47736
70799
-14445
50748
-84696
-67679
51412
-24835
89263
6538
-5601
-31817
-62680
-54693
12251
-89909
78766
-26473
2559
85756
55240
-22908
-11202
2930
78165
65749
-55235
-65992
92796
32141
-51259
94160
31128
-85544
-26940
63269
94069
46689
77569
20593
-73673
63594
-24196
-47718
85317
-32290
56409
91068
14514
48014
74487
24387
-51971
-95244
29263
53241
-20409
-36622
27457
38672
-78800
83613
-94109
-36995
17102
-96705
94399
85539
947
-96086
11556
71803
-47416
5654
-99962
75208
-19310
-52387
-12998
-61365
16996
-15100
3254
81767
-25849
-26939
-26727
41971
96687
77408
-1673
-73765
17987
47876
30633
-85428
-70696
-86894
75648
-59351
13278
-49630
-8876
52413
53776
-15894
94755
-94730
54050
88900
62154
94908
94654
76432
-52658
3065
30436
91354
-51916
57152
57041
89374
-87939
-32196
-53695
69202
-14511
24871
46146
