2.4044 3.2565
2.4577 2.0428
2.0461 2.6053
2.3934 3.2434
2.1381 2.7778
2.7544 2.4231
1.9708 2.449
1.8033 3.187
2.815 2.0338
2.9845 2.4558
2.3633 3.2581
2.8144 3.1621
2.6232 2.9328
2.8365 2.8268
2.6251 2.4703
1.9391 3.2803
2.2353 2.3874
2.9696 2.8403
2.1773 2.406
1.7477 2.6246
2.6409 2.7098
2.5421 3.1914
2.8026 3.2535
2.6919 3.2672
2.0096 2.1371
2.0455 2.6967
2.7534 2.1773
2.1676 2.0312
2.1138 2.2646
2.446 2.0178
1.8918 2.5956
2.6427 3.0197
2.299 3.2977
2.2004 2.9865
2.917 3.2475
2.636 3.2761
2.7953 2.2544
1.8183 2.5266
2.6307 2.1493
1.9486 3.122
1.9307 2.0248
2.3682 2.5469
2.7751 2.6458
1.9592 2.8718
2.6765 3.2908
2.6597 3.0723
2.6162 2.6184
2.4163 2.3395
2.3816 2.397
2.7611 3.0325
1.9354 2.0426
2.0254 2.6007
1.7442 3.2433
2.6582 2.9758
2.7247 3.2207
1.7092 3.0808
2.4487 2.2559
1.8344 3.0617
2.6294 2.277
2.2067 2.6492
2.8125 2.8924
2.4186 2.1581
2.7858 3.1193
2.1294 3.2508
1.9132 2.9132
1.8743 2.6133
2.6158 2.21
1.9122 3.249
2.8765 3.157
1.7123 2.4884
2.6547 2.4999
2.4088 2.6356
2.1689 3.287
1.7962 2.5624
2.4693 3.0133
2.1266 2.7916
2.214 2.3695
2.6818 2.1265
2.6585 2.4713
1.9062 2.2749
2.5951 2.3043
1.9103 2.6942
2.9469 2.244
2.4578 2.1478
2.6528 2.4404
1.9387 2.2704
2.3162 2.8224
1.9933 2.6777
2.5424 2.5062
1.931 2.333
2.9614 2.576
2.475 2.0132
2.9737 2.0961
2.2198 2.5097
2.9672 2.9821
2.657 2.0009
1.7162 3.1155
2.1273 2.3804
2.8776 2.0919
2.7546 3.0807
1.7488 2.059
2.1905 2.0489
2.5101 2.9803
1.7498 2.3292
2.6865 2.3082
2.7622 3.0728
2.3011 3.2726
1.9046 2.9517
2.6936 2.3986
1.7867 3.1674
2.2146 3.2735
2.4948 2.4863
2.9409 2.0601
2.6153 2.8413
1.7568 2.0003
2.0093 2.2647
1.7816 2.0952
2.6293 2.9127
2.6574 2.1978
1.8021 2.4346
2.0582 3.1568
2.9217 2.7526
2.912 2.6643
2.2096 2.259
2.5549 2.2979
2.5337 3.2344
2.4954 3.1124
1.9835 2.89
2.7107 2.3585
1.7273 2.7162
1.9942 2.4188
2.1491 2.6015
1.7521 3.1428
1.7969 2.9641
2.6334 2.2143
2.3909 2.3493
2.7656 2.6455
2.4444 2.7212
2.8551 2.2422
2.7627 3.0982
1.8525 3.0848
2.1069 2.8009
2.2913 2.5284
2.8716 2.4239
1.9354 2.0676
1.9421 2.9706
2.9621 2.6808
1.888 2.1746
2.9709 2.8611
1.7027 2.5482
2.3723 3.208
2.3119 3.0077
1.7032 2.288
2.8399 2.2903
2.3028 2.4752
2.1371 2.1019
2.3573 2.4849
1.9301 2.9624
2.0263 2.5953
2.1084 3.0349
2.6856 2.6916
1.7185 2.5671
2.9131 2.9912
2.3779 3.2796
1.7575 2.236
2.2371 3.0694
2.7478 2.1823
2.1376 2.5054
2.7198 3.2981
2.4676 2.9097
2.4313 2.4724
1.9291 2.6043
1.9966 2.7258
2.9692 2.5551
1.9365 2.7302
1.8263 2.4683
2.5986 3.1646
1.9362 2.453
2.0161 2.5283
2.9212 3.2893
2.4711 2.5578
2.0514 3.1101
2.8431 2.7722
2.0714 2.2747
1.7109 3.2519
2.962 3.1096
2.3372 3.1993
2.2639 2.3299
2.6626 2.3864
2.8298 2.7576
2.7263 2.3109
2.6538 2.2301
1.9337 3.2716
2.938 3.164
1.7553 2.2201
2.2641 2.293
1.7634 2.682
2.0678 2.3994
2.9663 2.8269
2.206 2.2695
2.0045 3.0857
1.8773 2.0857
1.8015 2.8589
2.3375 3.2029
2.2651 2.0226
2.3546 2.2092
2.2601 2.6554
2.1575 2.3085
2.029 2.4664
2.3051 3.0534
1.9654 2.3636
2.5399 2.4008
2.7208 2.9078
1.975 3.02
2.4732 2.2027
1.872 2.6222
2.2008 3.2662
2.6586 2.9178
2.246 2.0849
1.8072 2.4745
2.8656 3.1677
1.9447 2.5792
2.3821 2.767
2.736 2.8829
2.5726 2.8936
2.6306 2.7307
2.5008 2.2946
2.9268 2.7761
1.8321 2.3598
2.6849 2.4923
2.9411 2.1707
2.3064 2.4866
2.3485 2.6759
2.574 2.6422
1.8938 3.0965
2.4692 2.238
2.2469 2.0764
1.7312 3.0723
1.7773 2.8981
2.4697 2.2533
2.8438 2.1759
1.9706 2.9443
2.8082 2.6656
2.133 2.4772
2.1498 3.0873
2.1782 3.0228
1.8429 3.0803
2.0813 2.5348
2.8864 2.5859
2.1374 2.7101
1.8691 2.529
2.5024 2.9398
2.5521 3.1859
2.6923 3.2521
2.1423 3.145
2.3543 2.1194
2.7435 3.1507
2.2278 3.2586
2.1684 3.1355
2.3257 2.123
2.7724 2.7
2.5768 2.6695
2.4099 2.842
2.6814 2.6262
2.9859 2.5319
1.9965 2.5904
2.3709 2.5977
2.6127 2.7724
1.7087 2.0783
2.4042 3.249
2.1326 3.1067
1.7701 2.6376
2.553 2.81
2.5922 2.9519
2.3348 2.6025
2.1276 2.0352
2.3778 2.4392
1.9363 3.2468
2.3188 2.772
1.8045 2.7324
2.9022 2.6851
2.9923 2.0014
2.1755 2.9895
1.8237 2.2434
2.2821 2.075
1.8426 2.4727
2.2388 3.1583
2.6137 2.5611
2.8342 2.2115
1.8327 2.4929
2.5442 3.1273
2.9428 2.4279
2.0004 3.0673
2.0824 3.2939
2.9177 2.5089
2.6381 2.947
2.6289 2.8217
1.8558 2.2674
2.1237 2.0024
2.2395 2.1962
2.6212 3.1216
1.9257 2.5423
1.7978 2.6599
2.3392 2.6712
2.1316 2.6045
2.0673 3.2491
2.7195 2.1448
2.2948 2.4689
2.5698 2.7926
2.5118 2.6602
1.9523 2.5839
1.9163 2.7611
2.0719 3.1585
2.3417 3.2774
2.7321 2.9439
2.6261 3.1622
1.9214 2.9336
2.9525 2.5432
2.802 2.9981
1.7081 2.9349
2.6403 2.7706
2.6997 2.8591
2.6624 2.667
2.0813 2.0937
2.0085 3.0964
2.9667 2.3972
2.5993 2.5115
2.5648 2.0219
2.0851 2.161
2.3455 2.4566
2.3436 2.9078
1.975 2.1874
2.9254 3.0814
2.5989 2.36
2.3321 2.6084
1.9493 2.8324
2.7392 2.0008
1.9968 2.4084
2.7198 2.9766
2.8377 2.3663
2.7919 2.9516
2.5336 2.994
2.1926 2.3696
2.2317 2.1093
2.7558 2.5455
2.8608 3.0363
2.448 2.2991
2.0655 3.1006
2.1608 3.2109
2.4157 2.8922
2.4126 3.05
1.7685 3.2047
1.8026 2.2223
2.0273 2.3036
2.4904 2.042
1.8356 2.3206
2.6437 2.1592
2.1035 2.5889
2.8333 2.0413
2.9308 3.0668
2.1666 3.2809
2.1327 2.8063
2.7246 2.6157
2.9043 2.9079
1.8267 2.8441
2.163 3.2757
2.2892 2.2893
2.9768 2.1243
2.7363 2.3591
2.7364 2.7385
2.4832 2.432
2.9729 2.4495
2.7229 3.0714
2.0426 2.8657
2.5135 2.823
1.9451 2.3921
1.9174 3.0232
1.7747 2.1051
1.7095 2.6156
1.7094 2.1096
2.3307 2.2933
2.4106 2.1986
2.0674 2.8589
1.7419 2.9137
1.7927 2.9684
2.259 2.3563
2.0429 2.2265
2.9026 2.8379
2.1862 2.9343
1.8497 2.6484
2.0026 2.4946
2.428 3.2123
2.4603 2.4567
1.8719 3.1982
1.7629 3.2443
2.5176 2.8504
2.0963 3.2231
2.4855 2.6985
2.2505 2.1155
2.3133 2.1639
2.2415 2.7247
2.1089 2.4201
2.8585 2.7885
2.4179 2.5852
1.8842 2.5229
2.2636 2.8998
2.3568 2.4067
2.5961 2.4513
1.7979 2.9408
2.3256 2.1526
2.519 2.6487
2.2737 2.8805
2.9847 3.1506
1.748 2.2147
1.9228 2.4899
2.293 3.2932
2.8779 2.9905
2.3092 3.051
2.1718 2.5861
2.1791 2.6654
1.7549 2.6046
2.0793 3.2666
2.7156 3.0258
2.2832 3.1946
2.0971 3.2704
2.3755 2.3217
2.8216 2.3157
2.9274 2.2341
2.427 2.2389
2.2758 3.1184
1.7114 2.2047
1.8921 2.2329
2.5769 2.8729
2.5127 3.138
2.1605 2.9747
2.7878 2.357
2.2146 2.2768
2.963 3.1104
1.869 3.0536
1.8765 2.1344
2.578 2.4023
2.3502 2.2193
2.5889 2.4156
2.3265 2.1205
2.3415 2.3384
2.659 2.9519
1.9752 2.2176
2.7833 2.2791
2.3715 2.8228
2.8767 2.0377
2.1587 2.6318
1.7748 2.8407
1.9229 2.4474
2.3022 2.9266
2.3527 2.2435
2.0263 2.707
2.6705 2.3006
2.1849 3.1287
2.0245 2.8638
2.0771 3.2768
2.0767 2.9691
2.0538 2.8346
2.1443 2.4583
2.0373 3.2461
2.7746 2.8125
2.2253 2.2411
2.2347 2.7025
2.1683 2.6769
2.8942 2.8944
2.8634 2.0897
2.9198 3.2495
2.3124 2.5159
2.2472 3.0328
2.9366 2.0394
2.5837 2.1972
2.3201 2.6779
2.8479 2.2709
1.7285 2.9697
1.9458 2.8279
2.7946 2.9903
2.9929 2.6038
2.243 2.7683
2.9871 2.0981
2.4462 2.1404
2.681 3.0362
2.5268 2.5898
2.2112 2.4764
2.3052 2.0784
2.7845 2.8704
2.2287 2.996
1.7057 2.1514
2.8027 2.6237
2.3474 2.6808
2.103 2.2086
2.0242 3.2325
2.7158 3.2905
2.0186 2.8522
2.9381 2.283
2.2015 3.0877
2.3994 3.1779
5.8638 -0.3444
5.5672 0.7584
5.7982 0.5299
5.7631 -0.3256
6.294 -0.1822
6.3297 -0.4878
5.9277 0.0505
5.483 -0.079
5.5541 -0.9055
6.0773 0.8515
5.5722 0.0156
5.7406 0.1801
5.4607 -0.8208
6.2566 0.5632
5.8785 0.1685
5.5269 -0.1747
5.7842 0.9923
5.7754 -0.9103
6.3491 -0.2574
5.4515 0.2426
6.1287 -0.8725
5.4982 -0.5383
5.3345 -0.8337
5.775 0.9408
5.3537 0.3096
5.6583 -0.5931
5.7062 -0.6717
6.3327 -0.3476
5.996 0.0404
5.3932 0.9805
5.3006 -0.2526
5.9245 -0.6315
5.9094 -0.3668
5.3178 -0.1239
5.7562 -0.9426
5.455 -0.3713
5.5048 0.2361
5.3257 0.2795
5.969 -0.8733
6.3291 -0.2414
5.8409 0.3916
5.6657 -0.8331
5.7222 -0.684
5.7342 0.4149
5.9556 0.2697
5.5869 -0.3015
5.5201 0.8569
6.0961 0.752
6.3637 0.4071
6.0477 -0.0438
6.1631 0.0748
5.8187 -0.4028
5.9565 -0.7904
5.6263 0.8238
6.1845 -0.3413
5.6607 0.3472
5.6393 -0.9158
5.4076 0.8778
6.0655 0.0613
5.675 -0.4125
6.0695 -0.5777
5.8204 -0.6616
6.3397 0.5288
5.8968 0.9493
5.5326 0.1614
5.9589 0.4473
6.2545 -0.6196
5.6232 0.4516
5.9645 0.1664
5.3371 0.2999
6.1626 -0.3282
6.0563 -0.0544
6.3952 -0.2926
5.5572 0.5759
5.4273 0.1532
5.7214 0.6708
6.2207 -0.1773
6.1495 -0.9406
6.2113 0.031
5.4887 0.26
6.1819 -0.5798
5.9361 -0.6075
6.3374 -0.1192
6.0825 -0.7259
6.3211 0.032
6.3294 -0.0282
6.1995 -0.1952
5.6694 -0.9034
5.4767 -0.8844
5.6299 0.9454
5.6455 0.7029
5.4466 0.5197
6.1617 0.9116
6.1843 0.7216
6.0274 0.7641
6.3963 -0.7792
5.5372 -0.0807
5.7816 0.429
5.3595 0.13
5.3395 -0.2208
5.8074 0.6159
6.1565 0.9481
5.5248 -0.3121
5.4899 0.427
6.3368 0.1851
5.8728 -0.2019
6.1092 0.3788
5.8506 0.0018
6.0185 -0.8295
6.0839 -0.8702
5.6332 0.0413
5.731 -0.3764
5.4068 0.7051
6.1086 -0.6336
6.0003 -0.0497
6.0352 -0.2355
6.3197 0.2614
5.6087 0.0723
5.5993 -0.9317
5.8542 -0.9885
5.7887 -0.4612
5.7283 -0.6836
6.253 0.9955
5.9279 0.2502
6.3641 -0.432
5.7833 -0.3984
6.3846 0.8828
5.7691 -0.0367
5.3301 0.6757
6.0672 -0.3179
5.5568 -0.1267
6.2959 0.2691
5.4427 -0.9033
6.2071 -0.989
5.5688 0.1792
5.8098 -0.1619
5.4334 -0.1321
6.1138 0.5491
5.9689 0.1899
5.8981 -0.5487
5.7517 0.0195
5.9685 0.1349
5.8338 0.9713
5.6697 0.9768
5.7202 0.214
6.3289 0.3941
6.3935 0.41
5.7932 -0.4416
5.6949 -0.2708
6.3715 0.4884
5.8894 -0.9141
5.7805 -0.4565
6.0272 0.8133
5.5306 0.0484
5.6904 -0.5005
6.0119 0.6706
6.3937 -0.5025
5.6368 0.594
6.373 -0.7096
6.0155 -0.8779
5.533 -0.2955
5.5881 0.9534
5.6707 0.6932
5.3102 -0.5696
5.5187 0.3668
5.9727 -0.2107
5.375 0.6614
5.6431 0.1874
6.2057 0.2671
5.6765 -0.9483
6.1496 0.8878
5.4012 -0.8596
5.6886 -0.2622
5.5138 0.9581
6.3323 0.793
5.5722 -0.3283
5.6718 0.5904
6.274 -0.1884
5.8873 -0.4752
5.4193 0.5567
5.7994 -0.8862
6.3537 -0.0718
6.3399 0.7612
5.5604 -0.4345
6.1025 0.34
6.244 0.1682
5.6541 0.7
5.888 -0.3519
6.0571 -0.443
6.3653 -0.6455
6.193 -0.3966
5.8827 -0.74
6.0655 -0.7195
5.95 -0.983
6.0692 0.6842
5.8917 -0.0602
5.395 0.217
6.2471 -0.6047
5.5229 0.7905
5.7422 -0.0117
5.9107 -0.3448
5.5126 -0.8563
5.3832 0.3416
6.1473 0.6552
6.2869 -0.5942
5.9647 -0.5911
5.9219 -0.8641
6.3064 0.0283
6.2279 -0.1667
6.1362 -0.3056
5.3538 -0.4393
6.1503 0.4932
6.3598 -0.9842
6.3749 0.903
6.0843 -0.5511
6.156 0.0277
6.333 -0.2424
5.5611 -0.3454
5.7171 -0.2588
5.5927 0.329
6.3611 -0.3809
5.3259 0.2817
6.2888 0.7169
5.7844 0.6812
5.3778 -0.9464
5.5132 0.5074
5.7409 -0.6393
6.0975 0.6887
5.4771 -0.83
6.1572 -0.9469
5.8463 0.0207
6.1962 -0.239
6.3226 -0.8686
6.3058 -0.6663
5.7733 -0.4197
5.9945 0.281
5.4344 0.4799
5.4427 -0.8075
5.8957 0.7839
5.6286 0.0022
6.0326 -0.9368
5.6152 -0.7669
5.5907 -0.2518
6.2521 0.3739
5.3314 -0.8117
5.6219 -0.4749
5.8841 -0.8337
5.91 0.2871
5.3196 0.8688
5.616 -0.4982
5.9071 0.6729
5.7945 0.3369
5.4784 -0.5988
6.2537 0.9442
6.2471 0.7841
5.3243 -0.3955
5.9164 -0.4468
6.0805 -0.0407
6.1159 0.1777
5.9445 -0.7241
5.5748 -0.5317
5.5316 -0.5879
6.032 -0.269
6.2033 -0.2178
6.2429 0.4017
6.3787 0.7259
5.4081 0.7399
6.29 0.8332
5.9668 -0.8014
6.3542 -0.5073
6.3289 0.7612
6.0679 -0.794
6.1301 -0.7333
6.0556 -0.8767
5.4201 -0.6975
6.1289 -0.8537
5.8655 0.7537
5.8811 0.4516
5.6316 0.9863
5.8434 0.7313
5.625 0.3204
5.8083 0.7019
5.345 -0.2416
5.6665 0.9629
5.793 -0.9335
6.1312 0.4138
5.4164 -0.8519
6.3462 0.201
5.9884 -0.8066
6.358 0.5436
6.2766 0.5286
6.0147 0.9209
5.384 -0.9746
5.4858 0.0819
6.1377 0.6727
6.2795 0.9923
5.8194 -0.909
5.5556 -0.0101
6.3015 -0.5255
6.1529 -0.205
5.7586 0.335
5.9553 0.8505
5.5483 0.7617
6.271 -0.2762
5.4578 0.539
5.9183 0.2353
5.863 0.6625
6.0622 -0.2188
5.8623 -0.3746
5.4605 0.4051
5.6412 -0.2894
6.2065 -0.8655
5.669 0.0915
5.8199 -0.7827
5.6238 0.0654
6.1904 0.2853
5.6004 -0.5474
5.8573 -0.5491
6.1835 0.8257
5.8204 -0.0602
6.3244 0.6873
5.7846 0.6947
6.2016 0.4918
5.4233 -0.0127
5.8221 -0.2008
5.797 -0.6409
6.3069 0.812
5.4225 0.6251
6.3913 -0.8995
5.8564 0.8556
6.0584 -0.6264
6.0944 -0.6753
6.0469 -0.2822
5.3309 0.3961
5.5187 -0.1445
5.9105 -0.0844
5.3508 -0.0184
6.1637 0.3489
5.3673 0.785
5.6261 0.6953
6.3436 0.1155
5.4603 0.9363
6.1414 0.8879
5.6264 0.3538
6.3381 -0.7035
6.1387 0.4244
5.5091 0.8313
6.3282 0.6604
6.1305 0.605
6.2221 -0.5153
6.1885 0.5261
5.7047 -0.1394
6.3345 -0.7626
5.8289 0.3574
6.0414 0.0611
5.4593 -0.5126
6.0427 0.4888
6.1041 0.6525
5.7991 0.7923
6.2613 0.8891
5.5699 -0.9775
5.8178 0.0476
5.3271 -0.0664
5.9649 0.7443
6.2387 0.5037
5.4528 0.3235
5.5591 -0.3907
5.9084 0.4531
5.6045 -0.4488
5.7656 0.9092
5.4348 -0.6399
6.0577 0.1901
5.6672 -0.792
5.7759 0.3006
5.3607 -0.9886
5.952 -0.6383
5.8591 -0.6771
6.0973 -0.9896
6.1046 0.7803
6.0899 -0.8622
5.8912 -0.1976
5.7168 -0.4985
5.3079 -0.6329
5.3506 -0.1252
5.6869 -0.3395
5.488 0.6238
6.213 0.047
5.6793 0.2312
5.5708 0.5715
5.9792 0.6275
5.5318 -0.4626
6.0122 0.6641
6.0141 -0.9974
5.861 0.8835
5.8169 0.9838
5.6618 0.1359
6.036 -0.5377
5.4221 0.0703
6.2621 -0.7408
6.0429 -0.7598
5.554 -0.9891
5.5481 -0.6391
5.6036 0.2939
6.117 0.5018
5.6235 0.5189
5.5445 -0.6762
5.9462 -0.5757
5.9465 -0.0181
5.6248 0.8404
5.5985 -0.6332
6.2214 -0.4783
6.1772 -0.9765
5.8509 -0.1322
5.599 0.3778
6.0904 0.0202
6.2007 -0.7683
5.8545 -0.2802
5.9497 0.3605
6.2064 -0.6961
5.6521 0.86
6.2598 -0.0281
6.284 0.4037
5.5824 -0.2663
5.4029 -0.6584
5.7018 -0.3355
5.3542 -0.5463
6.3137 0.048
5.9983 0.9742
6.1268 -0.4842
5.5041 0.072
6.3988 -0.6264
5.6991 0.0213
5.7781 0.6398
5.4867 -0.7112
5.9178 -0.8401
6.2237 0.8411
5.4638 0.9049
5.8871 -0.3703
6.2575 0.0841
5.9192 -0.8637
5.5003 0.8351
5.5332 -0.6876
6.1873 -0.6724
5.9782 -0.8906
5.7637 0.8203
6.1534 0.0806
6.0797 -0.8811
6.3122 -0.1567
6.2389 -0.1051
5.7039 -0.1528
5.5593 0.9176
5.5489 -0.4755
6.2017 -0.3694
6.2553 0.4675
5.4351 -0.4877
6.2759 -0.3734
5.3956 -0.45
6.0875 -0.091
6.0685 -0.3107
5.7351 -0.9691
5.563 -0.8843
6.2058 -0.4365
5.4031 -0.3671
6.013 0.4658
5.8448 0.7793
5.7993 -0.1545
5.3957 0.3771
6.3073 -0.7831
5.7956 0.4299
6.1651 0.5354
5.7775 0.9965
5.5089 0.6156
6.0913 -0.4988
5.399 -0.1758
5.9068 -0.3247
5.639 0.4266
6.1482 0.2712
5.8562 0.8325
5.615 0.673
6.2715 0.9924
5.4487 -0.9712
5.8509 0.9493
5.9639 -0.1633
6.0046 0.1259
6.0573 -0.5479
6.0113 0.7493
5.8858 0.9789
5.997 0.8767
5.874 0.9414
6.0693 0.331
5.9665 -0.7797
6.0723 -0.2797
6.2086 0.1722
5.3322 0.6559
5.5285 0.241
6.2937 0.5731
6.356 0.9418
5.7329 0.6877
5.6336 -0.3123
6.0998 -0.2121
